8
1,a
2,b
3,c
4,d
5,e
6,f
7,g
8,h
49444,49444,1000
23,4,8,3,1,6,5,2,7
4,2,8,3,6,4,7,5,1
54,7,6,4,5,2,8,1,3
74,8,7,1,4,3,5,6,2
72,8,5,3,4,1,6,2,7
87,6,5,3,1,7,8,2,4
95,4,3,5,2,8,1,7,6
9,1,8,7,5,3,6,4,2
29,7,2,1,6,3,5,4,8
67,3,7,8,1,5,6,4,2
10,5,3,8,7,2,1,6,4
70,5,3,6,1,4,8,2,7
48,5,7,1,2,6,3,8,4
82,8,7,6,3,1,4,5,2
68,7,1,5,2,8,3,6,4
36,4,2,5,7,6,3,8,1
86,4,6,5,2,3,1,7,8
81,7,2,8,5,6,1,4,3
24,8,4,2,6,7,5,1,3
56,2,8,3,6,4,1,5,7
17,7,5,1,8,2,3,4,6
91,2,7,3,6,1,8,5,4
88,5,6,8,1,7,2,4,3
43,5,1,2,3,6,8,4,7
48,3,2,8,7,5,6,1,4
44,6,1,7,8,4,3,2,5
52,3,5,1,6,2,7,8,4
5,3,8,2,5,7,1,4,6
39,3,4,5,2,8,7,6,1
36,2,3,1,4,8,6,7,5
67,4,2,3,8,7,5,6,1
98,1,2,8,5,4,6,7,3
48,5,8,7,6,3,1,4,2
88,3,2,4,7,8,6,5,1
53,7,4,2,8,1,3,6,5
21,8,2,5,3,4,1,6,7
14,8,5,7,1,4,6,2,3
8,8,5,4,1,2,7,3,6
66,1,8,5,2,3,7,6,4
73,1,5,4,8,6,3,2,7
17,8,3,1,4,7,6,2,5
86,3,6,5,8,4,1,7,2
98,8,2,4,7,1,5,6,3
23,4,3,8,5,7,6,2,1
47,2,1,7,6,5,8,4,3
70,1,3,8,4,5,7,6,2
38,4,8,1,6,3,7,5,2
87,2,4,1,8,6,7,3,5
95,6,2,1,3,4,5,7,8
74,4,6,1,8,2,7,3,5
79,2,3,4,6,1,8,5,7
57,8,6,3,4,7,5,1,2
65,3,7,5,1,4,6,2,8
59,3,5,7,2,6,8,1,4
10,2,8,5,3,4,7,6,1
34,8,7,5,2,3,4,1,6
93,2,6,4,7,8,3,1,5
86,8,5,6,3,7,1,4,2
63,5,6,8,3,1,4,7,2
21,1,7,5,4,6,2,3,8
14,3,5,8,4,2,1,6,7
25,6,3,4,2,7,1,8,5
69,3,6,2,1,4,8,7,5
90,5,7,4,1,2,3,6,8
85,6,2,1,5,3,7,4,8
36,1,4,5,7,8,6,2,3
76,2,3,7,1,8,5,6,4
96,1,3,7,6,8,5,4,2
92,7,2,8,1,5,3,6,4
85,2,5,8,6,3,1,7,4
47,3,8,5,2,6,7,1,4
68,6,8,4,2,1,3,7,5
38,2,3,5,6,8,4,7,1
0,8,3,5,4,7,2,6,1
11,6,8,5,4,1,3,2,7
95,2,5,6,1,3,4,7,8
99,1,7,6,2,8,3,5,4
26,1,7,8,2,4,5,3,6
91,1,3,8,5,6,4,7,2
39,2,5,6,7,4,8,3,1
60,8,5,4,7,1,2,3,6
80,2,3,5,7,1,8,6,4
3,1,4,6,7,8,2,3,5
48,4,8,3,1,5,2,6,7
52,2,7,6,1,3,8,5,4
72,3,7,8,4,1,5,2,6
100,2,5,7,4,3,6,8,1
98,7,1,4,6,2,3,5,8
59,3,2,5,6,4,8,1,7
80,8,7,5,1,6,4,3,2
40,4,3,1,8,6,5,7,2
25,2,4,6,5,8,1,3,7
27,6,4,7,8,3,5,1,2
57,2,1,5,4,7,6,8,3
84,7,3,6,1,2,4,5,8
79,2,8,7,5,1,3,4,6
44,1,3,4,5,8,7,6,2
63,1,7,8,6,2,3,5,4
6,5,6,4,7,3,8,1,2
49,5,8,4,3,2,1,6,7
66,5,1,4,6,7,2,3,8
98,6,4,3,2,7,8,5,1
100,7,1,8,3,2,5,6,4
52,5,6,4,3,1,8,7,2
71,6,1,8,3,2,5,4,7
62,7,3,5,8,4,2,1,6
11,7,1,5,3,2,6,8,4
24,8,6,2,1,5,3,7,4
54,7,1,5,4,2,8,6,3
46,1,3,6,2,4,8,5,7
86,7,2,3,1,4,6,8,5
66,8,4,6,5,2,1,7,3
77,1,8,2,6,5,4,3,7
82,6,5,1,2,7,4,3,8
1,1,6,4,7,3,8,5,2
59,5,2,7,8,3,6,1,4
64,7,5,3,6,4,2,1,8
23,3,4,2,1,5,6,8,7
38,2,4,8,7,5,6,3,1
95,6,4,3,8,5,7,1,2
92,3,6,5,4,2,7,8,1
79,7,2,3,1,4,6,5,8
93,8,7,4,6,5,2,3,1
1,6,4,7,1,2,5,8,3
95,4,1,2,6,5,3,7,8
63,3,7,4,5,6,2,8,1
50,3,5,2,6,7,8,1,4
26,4,1,5,7,3,6,2,8
75,1,6,3,5,4,7,8,2
45,5,7,4,3,8,6,1,2
27,7,6,1,2,4,5,3,8
14,1,4,3,7,8,5,2,6
89,1,8,5,7,2,6,3,4
11,5,8,2,7,6,1,4,3
24,3,2,7,8,5,6,1,4
81,8,3,7,4,1,6,5,2
45,4,3,6,7,5,2,1,8
10,8,6,3,2,1,4,7,5
41,2,8,6,4,5,1,7,3
14,4,2,6,3,7,1,5,8
90,7,1,6,4,8,3,2,5
27,7,6,5,3,4,2,8,1
33,8,1,3,4,7,5,2,6
26,6,2,3,1,7,4,8,5
11,2,6,5,3,8,7,1,4
33,4,8,5,7,2,3,6,1
44,4,8,3,2,6,5,7,1
18,7,5,2,6,8,1,4,3
45,4,1,5,8,7,3,6,2
95,4,3,2,6,5,8,7,1
90,4,1,5,7,6,3,2,8
70,2,4,5,7,1,6,8,3
94,5,8,6,7,2,3,4,1
9,1,7,4,2,5,3,8,6
69,5,2,3,4,6,7,8,1
90,1,2,7,4,5,3,6,8
100,1,3,4,5,8,6,2,7
7,1,7,5,6,8,2,4,3
94,7,5,1,2,3,4,6,8
87,2,6,3,5,7,1,8,4
20,6,1,3,5,2,4,8,7
44,7,3,8,1,4,5,6,2
93,5,3,1,4,2,8,7,6
57,3,4,8,6,1,5,7,2
96,4,5,3,1,8,2,7,6
14,5,4,8,2,1,6,3,7
94,7,4,3,8,1,6,2,5
99,2,5,4,3,1,8,7,6
6,7,1,8,5,3,4,2,6
9,6,4,3,2,1,5,7,8
31,4,2,1,8,6,7,5,3
2,5,6,4,7,8,3,2,1
54,4,1,2,5,8,7,6,3
6,6,4,2,5,3,7,8,1
88,5,4,3,8,6,1,2,7
37,1,7,2,4,3,8,5,6
57,7,1,3,6,4,5,8,2
76,6,7,1,3,5,2,4,8
8,8,1,4,7,5,3,2,6
16,1,5,2,7,4,3,6,8
40,4,3,2,1,5,8,7,6
61,3,7,8,4,5,1,2,6
37,7,6,8,1,2,5,3,4
8,2,1,4,6,3,5,7,8
76,5,7,6,4,2,8,3,1
59,1,5,2,3,6,4,7,8
53,8,4,2,6,5,7,1,3
79,3,4,5,8,1,2,6,7
74,1,8,6,4,2,7,5,3
37,3,7,2,1,8,6,4,5
90,1,7,8,4,2,6,3,5
79,1,2,3,7,4,5,6,8
51,1,6,5,4,3,2,7,8
59,2,7,4,3,6,5,1,8
32,2,1,8,5,4,3,6,7
73,7,3,5,6,4,1,2,8
45,1,5,6,8,2,7,3,4
73,1,3,4,8,6,2,7,5
14,2,7,6,4,1,5,3,8
88,1,2,5,7,8,3,6,4
62,6,4,5,3,2,8,1,7
67,4,1,2,8,7,3,5,6
15,1,6,3,2,4,5,7,8
20,7,5,6,1,8,2,4,3
46,4,1,8,7,3,5,6,2
58,3,4,8,2,7,1,5,6
32,4,6,7,8,2,5,3,1
18,7,5,6,4,3,1,8,2
65,3,8,1,2,4,7,6,5
35,4,8,3,7,1,2,5,6
21,5,6,3,2,8,7,1,4
71,2,3,1,5,8,7,4,6
61,1,7,8,3,5,6,4,2
98,7,5,4,2,1,8,3,6
43,6,7,3,1,8,2,4,5
42,7,4,2,8,1,6,5,3
64,5,8,2,7,4,1,3,6
94,1,4,5,6,7,8,2,3
32,6,4,5,3,8,1,2,7
94,6,1,8,3,4,2,7,5
20,1,8,4,3,2,7,5,6
76,1,2,5,6,3,4,7,8
89,1,5,7,2,6,8,3,4
47,6,2,4,1,7,5,3,8
94,1,6,2,7,3,5,8,4
49,5,6,8,7,1,3,2,4
77,8,2,6,1,7,5,4,3
27,4,5,3,6,8,2,7,1
58,2,3,7,5,6,4,1,8
90,6,2,8,4,5,3,7,1
50,6,3,1,5,8,7,2,4
89,8,7,3,6,5,4,1,2
29,3,6,7,2,4,5,1,8
58,7,8,3,2,6,5,1,4
72,1,7,3,4,8,5,2,6
65,4,6,1,5,2,8,3,7
57,8,3,1,4,6,2,5,7
52,5,6,7,3,2,8,1,4
3,3,7,4,8,6,5,1,2
29,1,4,5,7,3,2,8,6
42,2,4,6,3,1,5,8,7
34,2,3,5,4,8,7,6,1
77,3,7,2,6,5,8,1,4
41,6,3,2,7,8,4,5,1
38,1,5,3,6,4,2,7,8
24,8,4,6,2,1,3,5,7
51,2,8,6,7,4,1,5,3
3,3,8,1,5,4,7,6,2
57,3,4,1,6,5,7,8,2
70,8,7,4,6,2,1,5,3
58,6,2,3,5,4,8,7,1
42,3,1,6,2,5,7,8,4
47,8,1,4,2,5,6,3,7
81,8,2,4,3,7,5,1,6
28,6,8,3,4,2,5,7,1
58,1,3,8,7,4,2,5,6
46,4,3,6,7,5,2,8,1
51,3,7,5,8,4,1,6,2
49,4,6,7,8,5,3,1,2
27,5,7,8,4,2,1,3,6
85,2,6,5,8,4,7,1,3
45,1,6,3,5,2,7,8,4
91,5,7,6,1,4,8,3,2
9,7,2,5,3,4,6,8,1
58,8,6,7,2,5,4,1,3
82,8,2,3,7,4,5,6,1
1,5,8,4,1,7,6,3,2
89,4,2,7,3,5,6,1,8
56,2,4,6,1,5,3,7,8
49,1,8,4,5,2,7,3,6
36,6,7,8,5,2,4,1,3
30,7,1,3,2,5,6,4,8
1,7,5,1,4,2,6,8,3
89,1,5,2,3,6,7,8,4
15,5,7,4,1,2,3,6,8
59,4,2,8,6,7,5,3,1
84,7,3,1,4,2,6,8,5
28,7,4,2,1,5,6,8,3
76,6,5,4,3,7,1,8,2
54,4,7,1,5,6,3,8,2
50,8,1,5,7,4,2,6,3
40,5,8,4,7,2,6,1,3
2,5,2,8,6,1,4,7,3
19,6,3,8,4,2,7,5,1
16,3,7,1,2,6,8,5,4
80,6,7,5,3,1,8,4,2
9,5,8,4,3,2,7,6,1
50,5,4,7,8,1,3,2,6
96,6,7,1,8,2,5,4,3
7,6,1,2,3,5,4,7,8
96,3,5,2,8,4,1,7,6
81,8,3,1,5,2,4,6,7
1,7,1,6,8,4,5,3,2
1,3,5,6,7,2,1,8,4
52,7,4,6,5,2,1,8,3
34,4,2,7,8,3,6,5,1
84,2,1,8,6,4,5,7,3
88,5,3,1,4,8,6,7,2
47,3,4,5,7,6,2,8,1
31,3,5,1,2,7,8,6,4
68,7,6,2,3,5,4,8,1
74,8,6,7,1,2,5,3,4
6,7,2,3,4,1,6,5,8
36,3,7,4,5,8,6,2,1
68,2,7,8,1,4,3,6,5
22,8,2,3,6,1,5,4,7
23,4,6,1,7,3,5,2,8
14,8,1,2,7,6,5,4,3
6,2,1,5,3,8,7,4,6
98,5,7,2,3,1,6,4,8
74,7,4,6,5,2,8,3,1
27,2,8,3,1,7,4,5,6
20,5,1,6,7,8,2,4,3
63,1,2,8,4,3,5,7,6
79,5,3,7,1,6,2,4,8
28,8,2,3,1,6,4,5,7
22,8,7,5,2,4,6,3,1
41,3,1,2,4,6,8,7,5
31,1,6,2,5,8,3,7,4
22,4,8,1,7,3,6,5,2
52,5,7,6,2,4,8,1,3
56,3,6,5,4,7,2,8,1
1,2,1,7,5,6,8,4,3
24,6,4,2,7,8,5,1,3
12,7,6,3,2,5,1,8,4
8,1,3,8,7,2,4,5,6
77,2,7,6,5,4,1,8,3
78,7,3,1,2,5,6,4,8
5,7,6,1,3,4,5,8,2
81,2,6,8,4,3,1,7,5
18,2,5,3,4,1,7,6,8
54,5,3,4,6,7,2,1,8
26,3,1,5,2,6,7,4,8
51,4,2,3,1,8,7,5,6
20,3,8,6,2,7,1,4,5
27,7,2,4,8,6,1,5,3
62,3,7,4,6,5,1,8,2
50,3,8,7,5,6,2,4,1
62,7,6,5,1,4,2,3,8
94,7,4,5,2,6,1,3,8
52,5,3,6,2,4,7,1,8
40,4,8,6,2,7,5,1,3
62,3,5,8,1,6,7,4,2
16,7,2,4,1,8,6,5,3
72,1,7,8,5,3,6,2,4
87,4,1,7,8,2,3,6,5
37,5,7,3,8,1,4,2,6
71,1,8,5,2,7,3,6,4
4,7,2,8,3,1,5,6,4
100,1,7,4,3,6,2,5,8
3,5,6,7,8,4,2,3,1
28,1,6,2,4,3,8,5,7
62,7,8,2,5,6,4,1,3
10,3,1,4,5,8,7,6,2
55,8,4,1,7,2,6,5,3
21,7,5,1,6,3,4,8,2
67,4,2,6,7,5,1,8,3
11,5,3,7,6,4,1,8,2
27,6,3,8,7,4,1,5,2
87,1,2,8,7,6,4,3,5
68,4,1,2,6,3,7,5,8
15,7,6,4,8,2,1,5,3
19,4,2,7,3,6,8,5,1
82,2,6,8,1,5,3,4,7
50,2,7,3,4,1,5,8,6
16,8,3,6,5,2,7,1,4
55,4,3,7,2,6,8,5,1
59,8,2,3,4,1,6,7,5
47,1,5,2,8,4,6,3,7
42,3,1,2,7,4,6,8,5
30,1,5,2,4,3,7,6,8
55,1,8,2,5,3,7,6,4
43,1,6,7,3,4,5,2,8
7,6,3,8,1,7,2,5,4
90,4,3,5,1,2,7,8,6
93,8,7,6,1,2,3,4,5
48,1,6,5,7,3,8,2,4
43,7,1,3,5,2,4,6,8
89,3,5,4,1,2,8,7,6
36,7,2,3,6,4,5,8,1
59,1,3,7,8,2,5,4,6
22,5,7,3,2,1,6,4,8
94,5,3,2,1,8,4,6,7
9,8,5,3,4,7,6,2,1
63,4,3,5,8,7,2,1,6
54,5,7,3,8,2,1,4,6
33,8,2,4,7,1,5,3,6
77,5,4,8,6,7,1,2,3
24,2,1,7,4,3,6,5,8
15,8,6,3,4,7,2,5,1
70,3,1,7,5,8,2,4,6
12,2,1,6,8,7,5,4,3
17,8,4,1,2,7,3,6,5
39,1,8,7,5,3,2,6,4
12,2,5,1,7,8,4,6,3
35,6,4,2,8,3,7,5,1
50,3,8,2,6,7,1,4,5
38,6,5,8,7,1,3,4,2
33,4,8,1,3,5,2,7,6
86,3,7,5,6,2,1,4,8
18,2,5,4,3,6,1,8,7
2,4,2,8,7,6,3,1,5
63,5,8,2,4,3,1,6,7
67,1,4,2,3,6,5,7,8
97,5,2,6,3,4,1,8,7
98,2,3,4,7,6,1,8,5
66,5,6,7,4,1,8,3,2
9,3,5,2,4,6,7,8,1
18,7,4,2,1,6,3,5,8
33,2,3,5,1,6,4,8,7
25,3,7,2,8,1,5,6,4
84,3,8,5,1,2,7,6,4
15,7,8,6,2,1,4,3,5
41,7,1,6,5,8,4,2,3
47,5,3,8,4,1,2,6,7
14,3,2,6,5,4,1,7,8
9,1,7,3,5,2,8,6,4
29,4,8,1,5,6,3,2,7
5,3,5,1,2,8,6,4,7
57,1,4,5,2,7,8,3,6
21,4,3,2,7,1,8,6,5
74,7,1,4,2,8,5,6,3
73,3,2,5,8,4,7,6,1
32,5,7,3,4,8,1,6,2
83,7,6,2,3,4,8,5,1
75,1,6,5,8,4,3,2,7
30,4,6,1,5,8,7,3,2
35,5,7,3,4,1,8,6,2
55,2,7,6,3,8,5,4,1
32,3,5,6,4,1,8,7,2
6,2,1,5,7,3,4,6,8
89,7,6,3,8,5,1,2,4
47,1,5,3,4,2,8,6,7
75,3,7,5,2,6,8,1,4
15,3,6,5,8,7,2,1,4
55,1,3,6,4,8,2,7,5
77,3,7,8,4,5,2,1,6
25,5,4,7,1,2,8,6,3
16,2,5,4,8,7,6,1,3
74,7,3,5,2,4,1,6,8
94,1,6,7,2,3,5,4,8
92,2,7,8,3,1,5,4,6
72,8,3,2,4,7,1,5,6
33,2,3,8,5,1,7,6,4
85,7,1,6,5,4,8,3,2
63,7,6,8,1,5,2,4,3
51,3,7,6,5,2,8,1,4
28,1,8,6,3,7,2,4,5
12,5,4,1,2,8,6,3,7
12,2,7,4,3,8,1,6,5
78,2,6,5,8,4,7,3,1
17,8,4,2,5,6,1,3,7
39,3,8,1,6,4,7,2,5
87,2,5,6,4,7,8,1,3
0,4,8,6,2,7,3,1,5
5,4,6,1,8,5,7,3,2
4,1,6,5,3,2,8,4,7
8,4,6,3,1,7,8,2,5
81,2,4,5,7,6,8,3,1
51,3,1,2,6,8,4,7,5
55,2,8,3,1,7,5,6,4
33,2,7,4,1,5,8,6,3
26,3,6,4,2,1,5,7,8
23,5,2,3,1,7,4,8,6
62,1,6,5,4,8,2,3,7
57,2,4,6,5,1,3,8,7
98,1,5,4,7,3,2,8,6
47,2,1,8,3,5,7,6,4
64,4,1,6,5,3,8,7,2
15,4,7,1,3,2,5,6,8
74,2,6,1,8,7,5,4,3
96,6,1,7,5,2,4,8,3
54,7,6,3,5,8,2,4,1
83,6,1,7,3,4,8,2,5
91,1,3,6,7,8,4,2,5
95,4,1,7,3,6,8,5,2
78,6,4,3,1,5,8,7,2
55,1,2,8,6,7,3,5,4
55,1,2,6,5,3,8,4,7
57,7,3,4,1,2,8,6,5
1,7,1,8,3,6,4,2,5
59,3,6,8,5,7,4,2,1
88,2,5,8,7,6,3,4,1
36,4,5,2,1,6,3,8,7
39,1,4,5,6,8,2,3,7
6,3,7,4,1,2,8,6,5
45,2,1,4,3,8,5,6,7
0,4,6,2,3,7,1,8,5
44,4,6,5,2,8,1,7,3
96,4,5,7,2,8,1,3,6
31,5,8,7,1,6,4,2,3
35,4,1,8,2,6,5,7,3
66,3,1,2,4,7,6,8,5
11,5,2,4,8,1,6,7,3
99,7,3,2,1,8,5,4,6
56,2,5,7,8,6,1,3,4
47,6,5,1,3,8,2,4,7
86,3,1,4,7,5,2,8,6
71,6,3,4,1,7,8,5,2
77,8,2,7,6,1,4,3,5
49,1,4,2,3,6,8,5,7
54,4,5,7,6,3,8,1,2
20,5,1,7,6,2,8,3,4
15,4,6,5,3,7,1,2,8
67,1,3,7,5,2,4,8,6
36,5,8,7,1,6,2,3,4
35,7,4,8,3,6,1,5,2
96,6,2,3,8,1,4,5,7
80,6,1,5,3,4,2,8,7
99,2,3,4,8,5,1,7,6
47,7,1,4,2,6,8,3,5
62,6,1,2,4,8,3,5,7
77,7,1,8,6,5,3,4,2
32,6,1,4,8,5,3,7,2
71,1,7,5,4,8,2,3,6
11,4,3,8,7,6,1,2,5
69,6,8,4,5,3,7,1,2
18,5,8,2,1,3,4,7,6
85,3,6,4,2,5,1,7,8
10,2,7,4,1,3,5,6,8
53,2,3,5,8,1,7,6,4
46,1,3,8,7,6,5,2,4
25,3,8,5,7,6,1,4,2
57,4,2,5,1,8,3,6,7
8,5,7,6,8,2,3,1,4
31,6,1,3,5,2,8,7,4
5,3,1,8,4,7,6,5,2
12,5,7,1,8,6,2,3,4
90,8,2,1,6,3,4,5,7
69,3,8,7,5,2,1,4,6
79,6,1,4,3,7,5,2,8
60,5,8,4,6,7,1,2,3
60,1,7,5,2,8,3,4,6
14,5,1,2,3,7,4,8,6
82,7,5,1,3,8,4,2,6
81,2,7,8,4,6,1,3,5
23,4,3,5,2,6,8,1,7
6,4,5,3,2,8,1,6,7
34,1,3,2,5,7,4,6,8
90,5,4,1,7,2,8,6,3
50,8,5,2,7,4,1,6,3
86,5,1,4,3,8,6,7,2
26,3,2,6,8,7,4,5,1
18,3,7,2,5,4,1,8,6
50,3,2,4,8,6,1,5,7
11,1,8,5,2,6,7,4,3
83,8,6,2,4,3,5,7,1
64,8,5,6,4,2,7,3,1
18,1,7,4,6,2,5,8,3
73,7,8,5,6,2,4,3,1
58,2,7,8,6,3,4,5,1
95,4,3,6,1,8,2,5,7
17,8,4,5,1,7,6,2,3
6,2,6,3,4,5,1,8,7
48,4,6,3,7,5,1,2,8
49,1,2,8,3,4,5,6,7
81,5,1,7,8,2,6,4,3
66,3,4,8,2,1,7,6,5
17,4,2,7,6,5,8,1,3
33,6,5,8,2,7,3,1,4
27,4,2,3,6,5,7,8,1
92,7,1,3,4,5,8,2,6
14,6,7,1,4,3,2,5,8
62,2,3,8,1,5,4,7,6
43,5,7,2,8,4,1,3,6
32,6,3,8,1,5,2,7,4
13,5,2,6,8,4,7,1,3
45,6,5,4,7,2,3,1,8
58,1,6,4,7,3,2,5,8
92,8,5,1,2,7,4,6,3
24,8,5,2,1,4,7,3,6
21,6,5,8,1,7,3,4,2
23,3,6,7,1,5,8,4,2
60,5,2,8,1,7,4,3,6
21,7,5,6,2,3,4,8,1
12,4,1,6,3,8,7,2,5
96,8,5,7,1,2,3,4,6
64,3,1,4,7,8,6,2,5
20,5,1,4,7,8,6,3,2
62,8,4,7,3,2,6,5,1
0,8,5,6,1,7,3,4,2
50,1,8,2,4,7,6,3,5
2,8,7,3,2,1,4,6,5
56,8,3,1,6,4,5,7,2
69,6,4,1,7,5,2,3,8
70,3,4,8,6,1,5,2,7
36,5,3,2,6,8,4,1,7
90,3,5,7,2,1,8,4,6
39,7,6,8,1,3,5,4,2
9,6,5,7,8,2,4,1,3
70,1,3,8,6,7,2,5,4
86,2,8,4,1,3,6,7,5
97,5,4,6,3,8,7,1,2
30,3,7,1,2,6,8,5,4
66,3,1,4,8,5,7,2,6
45,1,2,6,8,5,7,3,4
19,7,3,5,6,2,8,1,4
95,1,3,5,2,8,6,4,7
26,2,6,3,1,8,4,7,5
86,3,4,7,2,6,8,5,1
49,2,7,4,8,1,3,5,6
96,2,1,8,7,6,4,5,3
85,6,7,1,2,4,8,5,3
61,6,7,5,2,4,3,1,8
98,6,4,7,3,2,1,8,5
90,7,4,3,1,6,2,5,8
28,1,8,2,4,6,3,7,5
85,6,3,4,8,7,1,5,2
56,3,7,4,2,6,8,1,5
3,8,6,7,3,5,4,1,2
26,8,5,1,2,4,7,6,3
97,1,7,2,6,4,8,3,5
99,8,7,5,2,6,1,4,3
40,6,7,1,5,4,3,2,8
56,4,8,1,2,5,6,3,7
94,2,5,1,8,3,7,6,4
10,6,2,7,5,1,4,8,3
91,1,6,5,7,8,3,2,4
59,7,2,6,3,1,8,5,4
100,8,7,2,4,3,1,5,6
69,7,3,6,1,8,5,4,2
92,8,5,1,3,2,6,7,4
93,1,4,3,7,5,2,8,6
78,7,2,1,5,3,4,6,8
79,8,1,5,7,3,2,6,4
94,8,7,1,6,4,2,3,5
21,7,6,8,5,1,3,2,4
37,4,7,2,6,8,5,1,3
33,5,7,4,1,2,8,3,6
75,6,1,7,3,8,5,2,4
76,6,1,2,8,5,4,7,3
100,5,2,6,4,3,8,1,7
24,5,1,4,8,7,6,2,3
9,5,2,4,8,6,7,3,1
88,7,3,1,4,8,6,5,2
84,2,5,1,4,6,8,3,7
20,3,5,4,2,6,8,7,1
73,7,5,1,3,6,8,2,4
14,4,7,1,8,3,2,5,6
56,6,3,2,7,8,1,5,4
43,3,6,4,2,7,1,5,8
56,2,4,1,5,8,3,7,6
80,3,7,1,2,5,6,8,4
24,6,4,3,7,8,5,1,2
29,4,3,5,2,6,1,7,8
4,2,4,7,3,6,5,1,8
60,2,8,3,5,1,7,6,4
58,5,2,8,3,4,6,1,7
6,3,7,2,4,8,5,6,1
95,4,7,3,1,8,2,6,5
66,2,4,6,8,7,1,5,3
44,1,4,5,6,3,8,2,7
86,8,6,1,2,5,7,4,3
5,1,4,8,6,7,5,2,3
83,2,4,6,7,5,1,8,3
81,7,8,5,4,6,3,1,2
86,1,5,6,4,2,8,3,7
75,2,3,5,8,6,7,4,1
45,6,5,8,4,2,1,7,3
67,8,3,7,4,2,5,6,1
85,8,4,1,2,3,6,5,7
23,7,8,4,2,6,5,1,3
35,2,7,4,3,8,5,6,1
43,8,2,3,5,6,4,7,1
90,8,2,1,4,7,5,6,3
35,8,4,1,3,5,2,6,7
98,2,6,5,1,3,8,4,7
17,7,5,4,2,1,8,6,3
18,8,3,1,2,6,5,7,4
28,7,1,3,5,4,8,6,2
85,1,4,8,5,2,6,3,7
46,5,6,4,8,1,3,2,7
81,7,8,6,2,4,1,3,5
22,4,2,3,6,1,5,7,8
86,2,5,4,8,1,6,7,3
46,2,4,8,7,6,5,3,1
42,8,6,5,4,1,3,7,2
36,3,5,1,8,2,4,7,6
43,2,6,7,5,4,1,3,8
30,6,1,3,4,2,7,8,5
31,7,4,8,6,5,2,1,3
10,4,8,7,2,6,5,3,1
84,8,2,3,4,6,7,1,5
97,5,6,2,8,1,7,3,4
85,4,2,8,7,3,1,6,5
61,4,8,2,5,7,1,6,3
38,6,5,4,2,8,7,1,3
79,4,6,8,1,7,2,5,3
45,7,1,4,8,6,2,3,5
12,5,3,2,7,6,1,8,4
68,2,8,7,4,1,3,5,6
90,4,6,7,8,2,1,3,5
72,1,6,4,3,8,5,7,2
85,8,4,6,5,3,2,7,1
38,1,8,7,4,2,5,3,6
19,3,1,7,8,5,4,2,6
64,1,6,2,3,5,8,4,7
4,3,8,6,5,1,4,7,2
96,1,5,3,6,7,8,4,2
42,5,4,1,3,7,2,8,6
51,5,4,6,1,8,7,2,3
98,5,8,7,3,2,4,1,6
5,2,1,7,3,4,6,8,5
28,4,3,8,6,7,2,5,1
17,8,3,5,4,1,2,6,7
39,7,3,5,6,4,1,2,8
25,6,8,1,2,4,7,5,3
57,6,2,4,1,3,7,8,5
68,6,8,5,1,7,3,4,2
36,3,2,7,8,5,4,6,1
22,7,2,3,6,5,1,8,4
36,6,2,1,7,3,4,8,5
45,2,3,4,7,5,8,6,1
82,7,3,1,2,8,5,6,4
36,3,4,6,2,1,5,8,7
85,8,6,7,4,3,2,1,5
100,7,1,2,8,4,6,3,5
4,3,5,8,7,4,1,6,2
19,1,2,3,4,5,7,8,6
47,8,1,5,3,7,4,6,2
0,7,4,6,1,5,8,3,2
20,8,2,6,7,5,4,1,3
51,8,6,5,2,4,3,1,7
94,6,2,4,3,8,5,1,7
29,1,6,4,5,8,2,3,7
70,7,2,8,4,6,5,1,3
55,1,3,8,5,2,6,4,7
6,1,8,3,7,2,4,5,6
40,1,8,3,5,2,4,6,7
20,3,2,1,6,8,7,5,4
65,1,8,4,5,2,6,3,7
48,6,1,3,4,8,2,5,7
44,4,8,5,3,2,7,6,1
57,4,1,5,6,2,7,8,3
59,5,3,1,6,4,7,2,8
35,2,1,6,5,3,8,7,4
29,5,4,7,8,2,1,6,3
25,7,6,3,8,2,4,1,5
71,6,2,4,1,7,5,8,3
6,8,7,2,4,3,5,1,6
21,7,5,2,3,8,4,1,6
89,4,1,7,3,8,5,2,6
12,6,3,2,1,7,5,4,8
20,3,6,4,8,7,5,1,2
55,3,6,2,8,4,5,7,1
80,1,3,5,7,8,6,2,4
4,8,5,6,7,4,2,1,3
78,2,6,8,4,7,3,1,5
20,8,6,7,5,4,2,1,3
57,2,4,7,3,6,8,5,1
78,1,7,5,8,4,2,6,3
33,6,2,3,7,1,5,4,8
87,2,6,5,8,1,7,3,4
43,7,6,5,1,3,2,8,4
21,1,4,5,8,7,6,2,3
54,8,4,7,5,6,3,1,2
21,4,7,5,1,3,2,8,6
7,1,5,4,8,2,7,6,3
75,6,5,8,3,7,4,1,2
59,5,3,7,6,4,8,2,1
49,8,2,1,3,5,4,7,6
28,7,6,4,3,2,5,1,8
14,4,5,7,8,6,3,2,1
82,6,8,3,1,4,2,5,7
88,7,1,2,6,5,4,3,8
88,3,1,7,5,8,4,6,2
44,1,7,6,2,4,5,3,8
18,3,1,5,6,8,4,7,2
47,1,4,7,3,6,8,5,2
100,8,4,6,1,5,2,3,7
77,7,5,6,8,1,4,3,2
44,6,1,3,4,7,8,5,2
50,6,5,1,2,7,3,8,4
87,8,3,4,7,5,6,1,2
26,4,7,6,5,8,2,3,1
3,4,7,8,1,3,6,2,5
6,6,5,8,2,4,1,7,3
80,7,1,4,8,3,2,6,5
80,3,7,1,5,2,8,4,6
37,4,2,7,1,8,5,6,3
48,4,2,7,1,8,6,3,5
46,7,8,4,2,6,3,5,1
35,1,7,4,2,5,6,8,3
2,2,3,4,5,6,7,8,1
48,6,5,8,7,4,3,2,1
40,8,4,6,1,3,7,5,2
35,3,4,6,7,1,2,8,5
8,4,7,2,3,6,5,8,1
65,2,3,7,5,6,4,1,8
15,4,5,1,2,8,7,3,6
75,2,7,4,5,1,6,3,8
11,6,8,3,5,4,2,7,1
40,4,1,5,7,8,2,3,6
71,1,2,6,5,7,3,8,4
60,4,5,8,1,2,7,3,6
98,8,4,6,5,1,7,3,2
54,8,2,7,3,1,6,5,4
10,2,3,5,8,6,7,1,4
50,7,6,5,3,2,4,8,1
75,3,2,7,1,5,6,4,8
27,1,2,3,8,4,6,7,5
59,4,6,5,3,1,7,8,2
93,8,7,6,1,4,5,3,2
35,6,3,2,4,1,5,8,7
75,6,3,2,5,7,4,8,1
56,4,5,2,6,1,3,8,7
17,7,2,3,5,1,4,6,8
16,1,8,4,2,6,5,3,7
27,7,8,3,5,4,6,1,2
58,4,1,7,6,2,8,3,5
32,2,1,3,7,4,5,8,6
7,1,6,8,4,7,5,2,3
28,8,5,7,1,2,4,3,6
9,3,2,5,1,8,4,6,7
30,1,7,8,2,4,6,5,3
73,6,8,1,7,4,5,3,2
36,7,1,2,5,8,4,3,6
52,2,5,4,3,6,7,1,8
3,7,3,5,2,6,8,4,1
30,5,6,8,4,1,7,3,2
39,8,4,3,7,1,2,6,5
91,6,3,1,5,8,4,7,2
90,3,8,4,6,1,7,2,5
50,5,1,2,3,4,8,6,7
52,3,1,8,4,2,6,7,5
51,6,1,4,3,7,8,2,5
46,5,1,2,3,7,8,4,6
7,6,7,4,3,1,2,8,5
3,6,1,4,5,8,3,2,7
40,4,8,6,7,3,2,1,5
73,7,2,4,5,6,1,8,3
44,7,4,5,3,1,2,8,6
42,5,4,3,8,6,2,1,7
71,4,5,1,6,2,3,8,7
63,1,5,7,2,8,4,3,6
23,8,6,5,3,4,7,1,2
11,8,7,6,3,2,4,1,5
67,6,2,8,7,1,4,5,3
2,6,3,8,5,7,4,1,2
54,7,2,6,5,1,4,3,8
32,3,7,1,6,2,5,4,8
67,1,7,2,5,4,6,3,8
29,1,7,8,6,2,5,4,3
70,3,5,4,6,2,1,8,7
36,1,8,2,6,4,5,7,3
20,3,6,1,2,5,4,8,7
49,4,7,8,3,1,5,2,6
21,1,8,3,4,7,6,2,5
11,3,6,1,7,2,4,8,5
8,3,6,8,1,5,7,4,2
60,7,5,6,3,4,8,2,1
34,7,8,6,2,4,5,3,1
35,5,7,3,8,6,2,1,4
51,8,6,5,1,4,3,7,2
51,5,1,8,2,6,3,7,4
11,3,6,4,1,5,8,2,7
47,2,3,1,5,8,7,4,6
52,4,1,8,3,7,6,2,5
40,7,5,8,4,1,2,6,3
31,3,5,2,1,4,8,7,6
35,8,3,4,5,1,2,6,7
83,7,4,2,6,1,8,5,3
59,3,8,7,1,4,2,5,6
27,1,6,4,8,7,5,2,3
8,8,6,7,1,2,4,3,5
29,5,3,8,4,7,6,2,1
75,7,4,1,5,3,2,8,6
35,3,5,6,2,7,4,8,1
55,6,8,2,4,3,7,1,5
83,4,7,6,3,8,5,2,1
32,5,1,7,8,6,2,3,4
5,2,7,1,5,4,6,3,8
14,4,6,5,1,7,2,3,8
96,6,2,4,8,5,7,1,3
91,5,7,3,1,6,4,8,2
53,4,7,1,6,8,2,5,3
6,8,6,2,7,4,3,1,5
32,6,2,1,5,4,3,8,7
93,5,3,4,1,2,8,6,7
13,2,4,6,7,8,3,1,5
91,4,5,1,6,7,8,2,3
7,5,8,4,2,3,1,7,6
98,1,5,7,8,2,3,4,6
64,6,8,1,5,3,2,7,4
100,5,2,6,4,7,3,8,1
43,6,8,4,3,5,2,1,7
63,3,6,7,2,5,8,1,4
70,7,3,6,1,5,8,2,4
66,3,5,1,4,6,8,7,2
20,8,3,4,1,7,2,5,6
62,6,5,4,8,1,3,2,7
87,3,5,1,7,6,4,8,2
33,5,6,3,4,2,8,7,1
4,4,7,2,3,5,1,8,6
6,4,2,8,6,3,1,5,7
81,6,5,3,8,4,7,2,1
65,1,8,6,2,3,4,7,5
49,3,4,7,1,8,2,5,6
77,8,2,4,6,7,1,5,3
83,6,7,4,2,3,1,5,8
0,6,4,8,3,1,2,7,5
96,5,3,8,2,6,4,7,1
87,8,4,2,7,6,1,5,3
35,7,2,3,8,1,5,4,6
59,7,1,3,6,2,8,4,5
47,3,4,6,2,1,5,7,8
23,1,3,8,4,6,5,2,7
93,8,5,7,6,3,2,4,1
76,7,3,5,4,1,2,8,6
29,2,5,7,3,4,6,8,1
23,6,5,4,8,1,3,7,2
20,2,4,5,3,8,1,6,7
81,1,8,2,7,3,6,5,4
6,6,2,7,3,8,1,5,4
31,4,6,3,2,7,5,8,1
28,5,6,2,1,7,4,8,3
29,5,1,2,6,4,8,7,3
34,7,8,3,2,1,5,6,4
51,2,5,3,1,4,6,7,8
52,7,6,1,4,8,5,3,2
17,2,3,5,7,1,6,4,8
91,1,7,2,4,5,8,6,3
89,5,7,6,2,4,3,1,8
26,5,6,7,3,2,1,4,8
6,2,1,5,3,4,6,8,7
44,1,2,3,6,8,5,4,7
91,8,3,2,1,6,5,4,7
89,7,2,8,3,1,4,6,5
47,8,7,1,2,6,3,4,5
27,4,8,5,7,6,3,1,2
32,4,3,7,2,6,5,1,8
14,5,2,6,7,4,1,8,3
98,1,7,6,4,2,3,8,5
67,1,3,6,4,2,7,8,5
55,1,2,8,3,5,4,6,7
5,7,8,4,5,2,1,6,3
47,1,3,8,6,2,4,7,5
35,1,5,6,7,4,2,8,3
30,1,4,5,7,2,3,8,6
33,3,6,8,1,4,2,5,7
47,5,7,1,2,4,3,8,6
98,8,7,2,5,4,6,1,3
58,1,6,5,7,2,4,8,3
88,2,3,1,6,4,5,8,7
34,7,1,4,3,6,5,2,8
49,4,3,7,2,5,6,1,8
11,2,7,6,8,5,3,1,4
34,2,1,3,6,5,8,7,4
17,3,7,6,8,4,2,1,5
70,7,4,3,6,8,2,5,1
94,7,5,4,6,8,1,2,3
41,2,5,7,1,3,8,4,6
3,5,3,6,7,4,8,1,2
73,7,2,1,8,6,5,4,3
84,5,3,2,7,6,4,8,1
69,3,7,4,1,2,6,8,5
47,3,4,8,2,5,7,6,1
50,2,3,7,5,1,4,6,8
22,4,7,8,3,5,6,2,1
10,1,6,5,3,7,2,8,4
54,2,5,6,8,3,4,1,7
14,1,7,8,2,4,3,5,6
76,6,5,2,4,1,8,7,3
38,5,3,8,6,7,2,1,4
8,6,1,2,7,5,3,8,4
47,5,3,7,4,8,1,6,2
44,8,4,2,5,7,3,6,1
40,2,1,5,3,7,4,8,6
44,1,6,8,7,2,4,3,5
15,4,6,2,1,7,5,8,3
92,7,2,5,6,1,3,4,8
5,7,2,4,5,3,1,8,6
73,5,3,7,4,8,2,6,1
89,4,7,6,1,8,3,2,5
2,7,1,5,4,3,6,8,2
34,3,8,5,4,7,2,6,1
0,2,8,6,4,1,7,5,3
20,8,6,2,4,5,1,7,3
46,6,2,5,1,8,4,7,3
45,6,7,1,2,5,4,3,8
36,3,5,8,4,7,1,6,2
73,2,6,7,4,8,3,1,5
79,5,1,2,8,3,4,6,7
21,2,7,4,6,3,5,8,1
44,6,2,7,5,4,8,3,1
0,5,6,2,4,3,8,1,7
70,8,2,6,4,7,3,1,5
55,6,2,5,7,3,1,8,4
30,6,3,4,5,7,8,2,1
89,7,2,4,5,8,1,6,3
1,2,1,3,4,7,5,6,8
66,4,7,8,1,3,5,6,2
66,7,1,6,4,2,8,5,3
24,1,3,7,8,2,5,6,4
51,6,1,3,2,4,7,5,8
62,8,3,6,5,2,4,1,7
58,7,3,8,4,5,2,1,6
25,2,7,6,4,5,1,3,8
35,4,1,7,2,3,6,8,5
15,6,8,7,1,4,3,2,5