9
1,a
2,b
3,c
4,d
5,e
6,f
7,g
8,h
9,i
27461,27461,750
56,9,7,5,8,4,1,3,2,6
56,5,6,7,1,2,3,9,4,8
38,9,8,4,5,6,7,2,3,1
62,1,2,3,4,5,7,6,9,8
4,9,8,1,6,5,7,2,3,4
12,4,6,8,9,7,2,5,3,1
22,2,6,3,5,1,9,7,8,4
2,3,6,4,2,7,8,5,9,1
38,9,7,3,1,5,8,4,2,6
7,8,9,6,4,5,3,1,7,2
45,5,6,9,8,2,4,3,1,7
20,2,7,4,9,5,3,1,8,6
30,8,1,4,9,5,3,6,2,7
40,1,8,9,4,5,3,2,6,7
47,6,4,5,3,7,2,9,8,1
51,4,3,1,2,8,6,5,7,9
18,2,9,5,1,8,6,7,4,3
7,7,4,5,2,8,3,6,9,1
32,2,6,3,5,7,4,9,8,1
58,9,3,6,5,4,2,7,1,8
14,1,2,8,7,6,5,3,4,9
13,6,7,9,8,3,2,4,5,1
29,3,2,6,5,7,4,8,1,9
21,4,1,5,3,9,2,7,6,8
28,3,7,2,1,4,6,9,5,8
54,6,2,9,1,5,7,3,8,4
72,6,3,2,9,7,4,1,5,8
50,7,2,9,8,6,4,3,5,1
72,1,2,3,4,8,7,9,6,5
47,5,9,4,1,3,2,8,7,6
23,3,6,8,2,1,9,7,5,4
22,9,3,2,7,6,4,5,8,1
3,3,7,5,9,2,8,4,6,1
27,4,6,1,5,7,3,2,9,8
55,8,7,2,4,1,5,9,6,3
21,4,7,6,8,5,9,2,1,3
52,4,7,2,9,6,8,1,5,3
47,2,7,1,4,3,8,5,6,9
33,3,7,2,1,6,5,4,8,9
69,3,8,7,4,6,5,9,1,2
57,1,8,7,9,4,3,5,2,6
73,7,6,5,4,9,2,8,3,1
37,4,6,9,1,8,2,7,3,5
24,3,7,2,1,6,9,5,8,4
59,4,7,6,8,9,5,3,1,2
11,3,4,2,7,5,8,9,6,1
16,6,1,3,8,7,5,9,4,2
70,5,9,4,1,7,3,2,6,8
2,6,4,5,7,2,8,3,9,1
7,9,5,3,1,6,2,4,7,8
0,7,3,4,9,5,6,1,8,2
54,5,7,3,8,2,6,9,4,1
17,2,9,1,5,7,6,8,3,4
46,2,7,4,8,9,6,1,5,3
45,9,8,1,7,6,5,4,3,2
73,2,4,3,6,1,5,7,8,9
42,9,4,1,6,3,7,8,5,2
16,3,8,4,7,1,2,6,5,9
24,4,6,5,3,1,2,8,9,7
54,8,5,6,1,3,7,4,2,9
23,8,5,3,9,4,2,6,7,1
31,9,8,1,6,7,4,2,5,3
12,6,4,5,7,8,1,3,9,2
44,7,3,1,2,8,6,5,4,9
17,9,5,8,4,7,3,1,2,6
0,4,5,2,9,1,3,7,6,8
29,7,9,1,4,6,8,5,3,2
35,7,8,9,2,4,6,3,1,5
63,6,1,3,8,2,9,5,4,7
53,2,5,1,3,7,4,9,8,6
71,5,1,2,9,8,7,6,4,3
29,1,8,9,5,7,3,4,6,2
11,1,2,7,9,6,4,5,8,3
41,2,7,1,4,9,6,3,5,8
9,2,5,8,7,6,4,3,1,9
40,9,6,4,7,2,1,3,5,8
39,9,2,8,1,6,3,4,7,5
42,9,2,5,3,6,8,1,7,4
31,2,5,8,7,9,1,3,6,4
47,2,3,8,6,5,4,9,1,7
46,7,8,1,5,6,9,4,3,2
63,4,6,5,3,8,1,2,9,7
38,6,2,1,7,8,4,9,3,5
75,3,8,9,6,4,7,5,2,1
43,6,4,9,5,2,1,3,7,8
51,3,5,2,1,4,8,9,7,6
0,2,6,7,5,1,4,9,3,8
29,3,2,6,7,9,5,1,4,8
0,6,8,7,3,5,4,2,1,9
36,8,3,9,6,5,4,2,7,1
48,3,2,8,5,4,1,9,7,6
33,5,4,3,8,9,6,1,7,2
32,3,2,1,8,9,6,5,4,7
27,1,9,4,6,3,7,5,8,2
6,6,3,4,2,1,7,9,8,5
5,7,2,6,4,3,8,5,1,9
6,9,6,4,7,3,8,5,2,1
16,3,1,5,2,9,7,8,6,4
33,1,3,7,9,5,4,8,6,2
8,1,8,3,2,5,7,4,6,9
27,5,8,2,7,4,9,6,1,3
23,7,3,5,1,8,2,4,6,9
66,9,7,6,2,8,5,3,1,4
1,1,2,3,6,5,9,8,4,7
68,9,1,6,7,2,3,4,8,5
3,2,6,7,5,4,3,9,8,1
23,2,5,1,4,6,7,8,3,9
39,3,2,9,6,5,4,7,1,8
59,3,2,1,9,5,7,8,6,4
20,7,4,5,6,1,2,8,9,3
14,3,1,5,4,6,9,2,7,8
35,3,1,7,5,6,8,4,9,2
72,3,1,4,6,5,7,8,9,2
19,2,4,3,7,6,1,5,9,8
40,1,8,5,9,7,2,4,6,3
34,4,8,1,9,6,5,2,3,7
3,4,9,2,8,5,1,6,7,3
24,8,9,7,1,3,4,5,6,2
27,7,2,4,3,5,1,8,9,6
18,3,6,8,5,2,1,9,7,4
56,4,8,9,5,7,3,6,2,1
14,8,6,7,9,1,2,4,3,5
20,5,3,1,2,6,9,8,7,4
48,7,3,1,5,2,8,4,6,9
47,5,9,4,3,6,1,2,8,7
51,3,2,6,8,9,1,5,4,7
62,7,4,6,8,3,1,5,9,2
3,5,8,2,9,3,1,7,4,6
44,6,3,4,2,9,7,1,8,5
44,7,2,4,3,5,6,1,9,8
43,7,1,8,9,2,3,6,4,5
0,8,6,7,9,1,5,3,4,2
32,9,6,8,5,3,7,1,4,2
8,8,4,7,5,9,3,6,1,2
74,5,1,7,2,6,4,8,9,3
8,8,6,5,3,9,7,2,4,1
34,9,4,8,1,6,3,5,2,7
0,2,1,7,4,8,3,6,9,5
69,2,6,7,8,4,3,1,5,9
15,4,3,1,7,8,9,6,2,5
37,2,4,8,6,7,1,3,9,5
1,8,9,4,2,6,3,7,1,5
57,1,9,7,5,6,2,8,4,3
18,9,7,3,5,8,4,2,1,6
20,2,1,4,6,8,7,5,9,3
35,4,5,2,8,1,3,9,6,7
13,4,5,9,8,2,6,3,7,1
54,2,7,9,3,6,5,1,8,4
57,1,7,4,6,3,8,5,2,9
12,1,2,9,4,6,8,7,5,3
53,7,1,8,9,4,3,6,5,2
14,4,6,9,5,2,3,1,7,8
38,2,8,4,1,9,5,3,7,6
65,4,1,2,6,7,5,8,9,3
45,1,6,3,2,5,4,8,7,9
12,1,2,3,7,6,9,5,8,4
65,6,2,5,8,7,9,4,3,1
73,4,9,1,3,5,2,7,8,6
23,1,6,3,2,5,8,9,4,7
68,4,9,3,6,8,1,2,7,5
54,7,6,4,5,8,3,2,9,1
46,8,6,7,9,5,2,3,1,4
72,7,8,1,9,5,2,3,6,4
28,1,3,8,2,4,5,7,6,9
13,9,3,7,1,6,4,8,5,2
26,4,7,8,2,6,1,9,3,5
33,1,2,6,5,9,4,3,8,7
69,3,1,5,6,7,4,9,8,2
39,3,4,6,7,5,9,1,8,2
35,3,5,7,2,1,8,4,9,6
46,5,9,1,7,3,6,4,8,2
74,3,7,2,6,5,1,4,8,9
35,2,8,4,3,5,6,9,1,7
9,2,3,8,9,5,7,4,6,1
23,5,9,4,6,3,2,1,7,8
36,9,6,3,5,2,8,4,7,1
29,6,8,1,2,5,7,9,3,4
73,9,2,5,6,7,8,1,3,4
48,3,6,4,9,2,8,1,7,5
73,3,6,4,9,2,8,5,7,1
51,9,1,4,2,6,8,7,3,5
13,2,3,1,5,7,8,9,4,6
18,6,8,1,2,7,3,5,4,9
12,7,3,1,6,4,5,9,8,2
29,4,5,9,6,1,7,2,3,8
47,8,9,4,3,5,6,2,1,7
9,5,2,1,3,7,8,9,6,4
56,2,8,7,1,5,9,6,3,4
4,3,8,1,4,9,2,5,7,6
52,6,2,9,7,1,5,3,4,8
18,4,7,8,3,1,6,2,9,5
27,3,7,6,4,8,9,5,2,1
72,4,7,2,9,3,8,5,1,6
57,2,7,9,4,5,8,3,1,6
0,9,5,3,6,4,7,2,8,1
37,9,6,8,7,5,2,3,1,4
62,1,8,6,3,5,4,9,7,2
15,8,7,2,9,5,3,1,6,4
56,9,2,8,5,3,6,1,7,4
74,6,4,9,8,5,3,7,2,1
49,8,2,4,7,9,6,1,5,3
57,4,3,1,8,9,5,2,6,7
52,5,8,3,1,9,4,2,7,6
9,3,7,6,5,1,9,2,4,8
50,9,3,4,5,6,2,8,7,1
2,7,1,9,2,6,3,8,4,5
22,1,3,5,4,9,6,7,2,8
11,5,8,7,1,2,3,4,9,6
69,9,5,3,6,8,4,1,2,7
57,8,7,5,6,9,4,2,3,1
66,7,3,5,4,9,8,6,1,2
52,6,4,9,2,8,7,5,3,1
58,7,9,3,5,8,1,6,2,4
16,7,1,9,2,6,8,5,4,3
53,1,3,5,8,2,7,6,9,4
35,4,9,7,6,1,2,5,3,8
14,5,3,7,6,4,8,1,2,9
63,6,9,5,4,7,1,8,3,2
74,5,7,4,3,9,8,6,1,2
11,9,2,8,5,6,3,4,7,1
68,6,7,5,3,2,9,1,8,4
14,1,2,6,7,9,8,5,3,4
14,1,9,5,3,7,6,2,8,4
67,1,6,9,8,5,7,2,3,4
72,8,3,2,5,4,1,6,9,7
32,2,9,3,1,6,7,4,8,5
65,7,5,1,3,4,9,6,8,2
40,4,6,5,9,7,8,1,2,3
69,4,1,6,3,8,5,9,7,2
65,6,9,2,7,8,3,1,5,4
4,6,5,9,8,3,7,2,1,4
28,8,1,6,3,5,2,7,4,9
4,4,3,1,9,6,2,8,5,7
46,4,2,8,1,5,9,7,3,6
11,4,5,8,2,7,6,3,9,1
68,5,2,1,4,8,3,7,9,6
34,2,4,3,9,8,6,5,7,1
60,1,4,9,7,6,5,8,3,2
69,4,5,3,6,8,9,1,7,2
10,9,3,4,6,1,8,7,5,2
53,5,1,3,7,8,2,4,6,9
73,5,6,3,1,4,7,9,2,8
38,5,2,8,9,7,4,1,3,6
29,4,5,9,8,6,2,1,3,7
29,9,6,5,8,7,1,4,2,3
46,3,8,9,2,1,7,4,6,5
50,2,8,7,3,9,4,1,5,6
66,8,6,4,3,5,9,1,2,7
10,6,4,3,7,2,9,1,8,5
16,6,4,7,2,8,3,5,9,1
52,4,1,2,8,6,5,9,7,3
32,2,1,7,6,9,8,4,5,3
14,2,9,8,7,3,1,4,6,5
17,1,3,5,7,9,2,6,8,4
19,6,8,9,1,3,5,2,4,7
20,4,2,5,3,9,1,6,7,8
15,9,5,3,7,8,2,6,1,4
32,9,8,5,4,3,1,7,2,6
54,4,3,6,9,1,5,8,2,7
8,4,6,9,8,3,2,7,5,1
46,9,6,1,7,3,5,2,4,8
38,4,8,7,9,1,6,5,3,2
18,6,8,1,4,2,7,3,9,5
55,4,9,5,1,2,3,6,8,7
52,6,8,1,4,5,2,9,7,3
62,3,6,1,5,2,9,8,4,7
39,1,9,7,8,6,2,3,5,4
5,4,7,3,8,6,9,2,5,1
5,7,5,3,1,9,6,2,8,4
5,1,3,5,7,4,2,9,6,8
56,6,3,8,7,1,5,2,9,4
61,5,6,8,1,2,7,4,9,3
41,7,1,9,2,8,4,6,5,3
70,1,9,5,7,6,8,2,4,3
36,9,4,2,5,1,8,6,3,7
28,5,1,3,8,6,4,2,9,7
75,2,3,6,5,8,9,4,1,7
38,7,5,4,9,8,1,6,3,2
0,6,2,5,7,8,4,9,3,1
66,4,3,2,1,7,9,5,6,8
55,1,4,7,2,8,5,9,6,3
54,5,6,3,2,4,7,8,1,9
26,8,2,7,9,6,3,1,5,4
50,8,2,1,7,3,6,5,9,4
15,5,7,4,8,3,9,2,1,6
47,2,6,8,3,5,7,4,1,9
39,5,4,8,3,9,6,7,2,1
60,3,6,1,5,8,9,2,4,7
9,5,7,9,4,6,3,1,8,2
61,4,6,7,2,3,1,5,8,9
42,7,9,6,3,1,4,5,2,8
43,9,7,4,2,1,5,8,3,6
59,1,4,3,5,9,7,2,8,6
65,9,4,6,2,7,3,1,5,8
25,7,2,4,3,8,5,1,9,6
44,5,7,9,4,8,1,2,3,6
4,2,8,1,4,9,6,3,5,7
52,4,5,2,3,8,7,6,9,1
45,4,2,5,1,3,7,9,6,8
42,3,6,1,5,9,8,2,4,7
47,7,3,1,9,8,5,2,6,4
65,3,9,1,8,5,2,7,6,4
9,1,6,7,4,5,3,8,2,9
10,1,7,8,9,5,4,3,2,6
73,7,1,8,9,3,2,4,6,5
42,8,7,6,2,1,4,5,9,3
43,1,2,9,7,8,6,3,4,5
60,3,1,2,4,7,5,8,9,6
61,3,1,8,4,7,6,5,2,9
52,8,1,9,7,3,5,4,6,2
62,6,9,4,1,2,7,3,8,5
33,8,9,2,7,6,3,1,5,4
75,9,1,4,6,3,8,5,7,2
43,7,4,3,1,6,2,5,8,9
16,2,8,9,1,3,5,7,6,4
35,9,5,1,3,2,7,6,4,8
62,7,8,2,4,9,3,5,6,1
72,5,1,3,9,4,6,8,2,7
29,4,8,2,6,9,7,1,5,3
36,7,4,3,6,5,2,9,8,1
36,3,9,4,2,8,6,7,5,1
68,9,3,2,1,7,4,8,6,5
70,6,1,8,5,9,4,2,7,3
43,5,4,6,8,1,3,7,9,2
15,8,3,2,9,7,4,5,6,1
33,4,1,3,2,6,8,5,9,7
60,6,4,2,8,5,3,1,9,7
54,5,7,4,9,3,6,8,1,2
71,2,5,6,9,3,4,8,1,7
61,1,5,8,7,4,6,3,9,2
72,5,3,4,2,1,6,9,7,8
32,3,5,1,9,4,6,2,7,8
39,9,1,4,7,2,3,5,8,6
11,8,4,5,6,2,1,7,9,3
9,5,2,9,4,1,3,8,7,6
19,2,6,4,7,5,8,9,3,1
69,5,7,2,1,8,4,3,6,9
8,9,5,1,3,7,6,8,4,2
13,2,8,7,6,1,3,5,4,9
12,6,7,2,9,3,8,1,5,4
62,5,7,9,6,8,1,4,2,3
23,8,6,9,4,7,1,2,3,5
47,6,3,8,9,5,2,7,1,4
55,7,1,8,2,3,6,5,9,4
54,1,2,4,3,7,8,5,9,6
4,4,1,9,7,8,2,6,5,3
7,3,7,4,2,5,6,8,9,1
52,2,1,8,3,5,6,4,9,7
62,5,9,6,2,3,7,8,4,1
12,8,7,6,3,1,9,2,5,4
12,8,5,1,2,7,4,3,9,6
33,1,6,7,5,8,2,9,4,3
15,4,9,8,2,1,6,5,3,7
7,1,3,5,9,2,7,6,8,4
72,2,8,1,3,5,4,6,9,7
33,7,5,2,4,6,3,9,8,1
70,8,1,6,7,3,4,2,5,9
49,8,9,4,7,3,1,5,6,2
21,1,5,8,9,6,2,7,3,4
23,7,9,8,3,1,2,4,6,5
65,8,9,7,6,3,5,1,2,4
55,5,8,4,3,9,7,6,2,1
9,5,9,2,4,6,7,3,8,1
59,1,8,6,9,3,2,5,4,7
5,1,8,7,2,9,6,3,5,4
0,8,5,7,6,3,1,9,4,2
5,7,1,9,6,2,8,5,3,4
57,8,5,7,2,1,6,4,9,3
51,7,3,6,1,5,4,8,2,9
28,8,1,3,9,5,2,4,7,6
34,3,1,6,2,9,7,4,8,5
6,7,9,8,1,3,6,5,4,2
45,3,6,1,8,5,9,2,4,7
46,5,1,6,8,7,4,3,2,9
73,7,3,2,4,6,8,5,1,9
23,1,8,6,9,3,7,5,4,2
14,7,1,3,2,5,4,6,8,9
43,6,2,1,3,5,7,9,4,8
5,3,4,6,5,2,9,8,1,7
22,3,1,2,7,6,8,9,4,5
35,1,8,2,5,6,9,3,7,4
67,6,5,9,2,7,8,3,1,4
15,2,8,4,9,7,1,3,5,6
49,7,6,8,9,2,3,4,5,1
26,3,2,7,8,4,9,5,1,6
70,4,9,7,3,1,5,6,8,2
53,6,1,2,4,3,7,9,8,5
14,6,3,7,4,5,9,8,1,2
38,8,6,4,9,5,2,3,1,7
13,2,3,9,7,4,1,8,6,5
71,1,3,2,4,8,9,7,6,5
69,3,6,9,5,1,7,2,8,4
61,2,1,5,6,3,7,4,8,9
19,9,1,2,3,5,4,6,7,8
37,4,1,3,5,8,7,6,9,2
43,3,5,8,2,4,1,6,7,9
23,1,5,9,2,6,3,7,4,8
69,4,9,8,3,1,2,7,5,6
6,6,9,7,2,5,1,8,4,3
51,1,2,4,6,9,5,3,8,7
71,3,1,6,4,7,9,2,8,5
50,8,1,6,9,2,7,5,4,3
55,2,6,8,7,1,3,4,9,5
18,5,7,2,4,1,3,8,6,9
74,8,6,2,1,9,7,5,4,3
49,4,2,1,3,5,7,8,6,9
75,4,3,2,7,5,8,1,6,9
16,9,4,2,8,1,5,3,7,6
0,8,4,5,7,9,1,2,3,6
15,8,3,4,2,7,1,5,9,6
68,7,5,6,3,8,2,9,4,1
63,4,5,8,9,6,2,1,7,3
10,8,5,7,3,1,4,9,2,6
40,5,6,8,4,1,9,3,7,2
27,3,8,2,1,9,4,6,7,5
39,6,2,3,8,9,7,4,1,5
9,5,4,7,1,2,6,3,9,8
43,4,2,8,9,3,5,7,6,1
20,8,4,2,1,3,6,7,5,9
71,9,8,3,4,1,6,2,5,7
15,3,1,9,4,2,8,7,6,5
8,8,5,1,9,3,4,2,7,6
28,1,7,9,4,5,3,2,6,8
17,6,5,4,7,9,1,2,3,8
63,7,6,4,2,3,5,9,8,1
48,5,4,7,1,3,9,6,8,2
25,8,1,6,9,7,3,2,5,4
42,2,8,9,1,3,4,6,5,7
55,9,4,2,8,6,1,7,3,5
33,6,3,1,7,5,9,2,4,8
26,9,2,3,7,4,8,1,6,5
72,8,6,5,1,7,9,4,3,2
3,6,8,2,1,4,5,7,3,9
65,6,8,9,5,3,1,2,7,4
12,7,8,5,6,4,3,1,2,9
22,8,2,1,9,3,6,5,7,4
28,6,1,5,3,7,2,4,9,8
25,7,3,2,6,1,4,8,5,9
52,2,1,8,5,4,3,7,9,6
57,6,3,1,7,8,5,9,4,2
19,4,3,7,6,2,1,8,9,5
46,6,2,3,9,7,4,1,8,5
42,1,3,6,4,2,8,9,5,7
13,3,2,7,1,5,9,6,8,4
30,4,3,2,8,5,6,7,1,9
56,2,7,6,5,3,1,8,4,9
12,1,3,6,4,5,2,8,9,7
65,2,5,7,3,9,6,1,4,8
15,2,1,8,5,6,3,9,7,4
32,1,7,2,8,9,4,6,3,5
34,3,8,9,7,6,1,4,5,2
18,7,8,5,9,1,2,6,4,3
58,3,5,8,2,4,9,1,6,7
70,5,9,6,4,7,1,3,8,2
70,9,7,4,6,5,3,1,8,2
1,4,9,5,7,2,8,3,6,1
33,4,5,1,6,8,3,2,7,9
21,6,3,9,4,2,1,8,7,5
45,2,5,7,4,1,8,9,3,6
48,3,4,6,2,7,1,5,8,9
30,4,7,1,8,2,3,6,5,9
71,7,9,8,3,4,1,5,6,2
28,1,9,5,4,7,2,6,3,8
10,7,9,4,5,3,2,1,8,6
70,1,7,9,5,3,6,8,2,4
70,6,4,8,1,5,9,7,2,3
20,3,1,9,5,2,4,6,8,7
44,4,5,9,2,1,3,6,7,8
18,5,6,8,7,3,4,2,9,1
51,1,7,9,5,4,3,6,8,2
10,6,3,9,4,5,8,1,2,7
22,1,3,2,6,8,7,5,4,9
56,6,4,5,2,9,8,1,3,7
1,3,5,8,2,9,4,1,7,6
26,2,8,9,3,1,5,7,4,6
33,6,2,7,9,4,5,1,8,3
37,1,9,8,6,7,5,4,3,2
30,7,6,9,2,4,8,5,1,3
29,4,3,9,1,5,2,6,7,8
7,2,5,3,7,8,1,6,9,4
49,2,4,8,7,5,9,6,3,1
16,4,3,2,9,1,8,5,6,7
46,4,1,3,7,9,2,8,5,6
51,3,8,5,7,1,2,4,9,6
26,3,7,6,5,2,1,4,8,9
52,8,7,6,9,2,1,5,3,4
70,4,8,7,1,9,6,5,2,3
44,9,6,7,2,3,8,5,4,1
25,2,5,7,4,9,3,6,1,8
23,2,4,8,7,9,1,3,6,5
15,9,6,3,4,5,1,8,2,7
67,1,2,7,8,3,9,6,4,5
0,9,2,4,6,3,8,7,1,5
3,8,6,5,3,2,1,4,7,9
48,4,5,9,2,7,3,8,1,6
4,7,4,1,5,6,8,3,9,2
40,3,7,8,5,6,4,9,1,2
9,6,4,8,2,3,7,9,5,1
73,3,4,5,8,7,6,2,1,9
21,1,2,7,8,4,6,9,3,5
57,2,4,5,9,8,6,7,3,1
66,3,2,8,4,1,9,5,6,7
27,2,4,8,9,1,3,7,5,6
30,4,3,9,2,8,6,5,1,7
62,9,7,4,8,6,3,2,1,5
19,3,6,2,7,5,8,9,4,1
50,7,3,6,5,8,2,9,1,4
48,4,1,5,2,6,3,8,7,9
21,9,1,5,3,8,7,6,2,4
20,5,8,1,4,7,3,2,9,6
43,5,9,2,8,7,3,6,4,1
62,4,1,7,6,5,8,2,3,9
12,6,9,1,2,3,8,5,7,4
6,4,3,1,6,2,9,8,7,5
59,9,6,8,4,3,7,5,1,2
64,8,3,7,5,2,1,4,9,6
27,4,2,1,6,8,7,3,5,9
34,2,7,3,9,6,8,5,1,4
31,8,9,2,6,7,5,4,3,1
37,5,2,9,8,7,6,1,3,4
10,1,4,8,2,3,7,9,5,6
35,1,3,2,7,9,8,6,5,4
15,5,3,8,7,4,6,9,2,1
70,5,9,6,8,2,7,3,4,1
50,4,1,7,6,9,5,8,2,3
63,9,5,8,6,2,3,1,4,7
18,9,7,2,3,5,4,1,8,6
34,9,4,3,5,1,2,6,8,7
40,4,5,9,3,6,8,1,7,2
19,3,5,4,8,1,9,6,2,7
68,6,1,2,8,5,9,4,7,3
21,3,1,2,9,7,5,4,6,8
0,4,9,2,3,1,7,8,5,6
37,8,7,4,9,3,1,6,2,5
42,6,5,7,1,3,9,4,2,8
75,7,9,8,1,3,5,6,2,4
62,2,3,7,5,8,6,1,9,4
42,5,7,4,6,1,2,3,9,8
34,3,8,6,4,9,5,1,2,7
25,6,3,2,1,4,8,5,9,7
55,3,9,5,2,1,6,4,7,8
60,9,4,5,8,7,6,1,3,2
13,7,8,6,1,2,3,9,4,5
67,9,8,2,1,6,5,4,7,3
39,8,1,7,4,6,2,9,5,3
54,8,7,1,4,5,9,3,2,6
65,6,9,7,8,2,1,5,4,3
44,5,2,3,6,9,4,8,1,7
55,6,7,8,4,9,5,1,3,2
48,5,2,7,3,9,8,4,1,6
1,9,2,7,1,4,5,3,8,6
10,5,9,7,1,2,3,4,8,6
63,8,2,6,1,9,7,3,5,4
4,1,4,5,3,9,7,2,6,8
37,4,7,5,9,3,1,2,8,6
44,4,2,9,3,8,1,6,5,7
45,5,7,6,8,4,9,1,3,2
66,7,8,6,2,4,9,3,5,1
58,3,9,5,2,6,4,1,8,7
56,1,2,3,6,4,8,7,5,9
16,3,1,8,9,5,6,7,4,2
48,6,5,2,3,9,8,4,1,7
11,2,7,4,1,9,8,3,5,6
16,9,6,3,7,1,8,2,5,4
46,7,3,4,1,2,6,5,8,9
1,2,6,9,3,8,5,4,7,1
14,9,3,5,7,6,4,8,1,2
5,3,7,1,4,5,6,8,9,2
75,7,9,2,1,8,6,5,3,4
73,8,5,7,9,6,3,2,4,1
63,9,5,6,4,3,8,7,2,1
43,5,4,2,8,7,9,6,1,3
0,9,4,3,6,1,5,2,8,7
40,1,6,8,4,9,5,2,7,3
17,9,2,1,8,6,5,3,7,4
52,2,6,9,4,3,5,8,1,7
36,8,1,4,7,5,3,6,2,9
14,8,9,7,6,2,5,3,1,4
47,1,7,3,5,2,6,9,4,8
68,6,1,2,9,8,4,3,5,7
71,2,8,9,5,6,7,1,4,3
54,1,2,8,3,6,5,7,9,4
54,8,3,1,6,9,5,4,7,2
55,4,7,3,6,8,2,1,5,9
37,3,5,8,7,6,2,1,9,4
45,4,6,3,7,1,5,9,8,2
38,8,9,5,7,6,3,1,2,4
39,8,7,9,2,6,1,3,4,5
1,9,1,5,7,2,4,8,3,6
36,2,6,1,8,5,7,9,3,4
61,7,4,9,5,1,6,2,8,3
27,4,5,6,3,2,7,8,9,1
57,6,2,8,4,5,3,7,9,1
0,3,9,2,8,7,5,4,6,1
40,6,4,3,8,7,9,5,2,1
59,6,1,5,9,3,8,2,4,7
7,3,7,5,2,4,1,8,9,6
6,5,1,6,2,3,4,9,7,8
41,6,1,5,9,3,8,7,4,2
11,6,5,7,3,1,4,9,2,8
2,6,9,4,2,5,8,3,7,1
30,3,1,9,8,5,7,6,2,4
18,5,3,8,1,2,7,9,6,4
7,8,2,3,6,4,1,7,5,9
21,3,9,1,4,7,6,8,5,2
17,4,9,2,5,8,7,6,1,3
6,4,9,2,6,1,3,5,7,8
7,7,8,9,6,1,5,3,2,4
55,4,5,6,9,3,1,8,2,7
40,8,2,6,4,3,9,7,1,5
40,8,9,6,1,3,7,5,4,2
12,9,3,2,8,7,6,5,1,4
11,6,3,2,4,9,5,8,7,1
35,5,3,6,2,8,4,7,1,9
51,5,7,3,2,1,8,9,6,4
54,3,5,8,9,2,4,7,1,6
17,7,6,4,9,8,1,3,5,2
42,9,1,8,5,6,4,7,3,2
42,7,3,8,1,5,2,9,6,4
6,1,3,4,2,6,5,7,9,8
51,5,4,2,9,8,6,7,3,1
45,8,7,1,5,9,3,6,2,4
10,8,2,3,6,5,9,7,1,4
57,1,4,8,5,7,3,6,2,9
16,9,1,8,2,6,5,7,3,4
60,2,7,8,3,5,4,9,1,6
51,5,7,8,9,3,6,4,1,2
27,4,1,5,7,6,8,9,3,2
46,8,9,6,1,7,2,3,4,5
37,5,6,4,7,2,8,9,3,1
3,4,3,5,6,8,2,9,1,7
33,1,5,7,3,2,4,6,8,9
11,7,1,6,9,4,2,5,3,8
37,3,4,5,7,1,6,9,8,2
60,9,2,7,4,3,1,8,6,5
3,9,2,7,4,3,5,1,8,6
41,7,6,2,3,4,1,8,5,9
62,7,1,4,2,6,3,8,9,5
14,2,4,9,5,3,8,6,7,1
17,4,5,7,1,2,8,6,3,9
13,6,9,4,3,5,1,2,8,7
72,8,6,4,3,2,9,1,7,5
28,3,7,2,8,4,6,5,1,9
48,5,8,9,6,1,3,2,4,7
18,5,7,8,1,9,4,2,3,6
30,3,7,5,8,1,9,2,4,6
14,2,7,4,3,9,8,5,6,1
59,1,7,3,6,8,2,4,9,5
35,4,3,8,5,2,1,6,7,9
6,8,3,5,6,2,1,9,4,7
61,6,4,3,9,8,7,1,2,5
18,2,4,9,5,7,1,6,8,3
36,5,3,6,4,7,8,9,1,2
49,4,2,3,1,5,6,8,9,7
14,8,3,9,1,6,2,4,5,7
57,3,4,2,7,9,8,1,5,6
6,1,8,6,4,5,2,7,3,9
69,5,8,4,9,2,6,3,7,1
26,9,7,8,2,6,1,3,4,5
14,6,9,8,2,7,4,3,1,5
67,1,2,5,7,3,9,4,6,8
61,7,9,2,5,1,8,6,4,3
53,3,8,6,9,7,2,5,4,1
27,6,9,8,3,1,2,7,5,4
43,8,7,9,4,3,6,1,5,2
29,9,6,7,8,4,3,2,1,5
31,2,8,9,7,5,4,3,6,1
39,6,9,8,3,1,5,7,4,2
46,4,9,5,2,8,1,3,6,7
2,7,9,2,5,3,8,4,6,1
42,6,2,1,3,4,7,5,8,9
48,1,8,2,5,4,7,9,3,6
10,7,8,3,1,9,6,4,2,5
20,9,5,8,4,3,1,6,2,7
34,2,9,7,5,8,6,4,1,3
75,8,1,2,4,7,5,3,9,6
27,6,9,8,3,2,7,1,5,4
50,8,6,7,1,5,2,9,3,4
28,3,2,8,9,5,4,6,7,1
5,6,5,7,4,9,2,8,1,3
53,4,6,1,3,5,9,2,8,7
30,9,4,7,6,5,3,1,2,8
42,5,3,9,4,2,7,6,1,8
21,7,6,5,2,3,9,8,4,1
8,3,9,1,8,5,2,4,6,7
48,8,7,4,6,9,3,1,5,2
8,8,3,5,4,2,6,1,7,9
5,7,8,3,9,4,6,5,2,1
2,5,9,7,4,2,1,3,6,8
56,3,6,7,9,1,4,5,8,2
28,3,4,8,7,2,5,1,9,6
55,2,6,9,7,8,3,1,4,5
15,1,5,7,2,6,8,9,4,3
65,6,5,7,8,1,3,4,2,9
31,2,5,1,8,4,6,9,3,7
67,9,5,2,6,8,7,4,1,3
65,2,8,3,5,1,7,6,9,4
32,5,3,8,2,1,4,6,7,9
67,6,5,7,8,1,9,3,2,4
47,2,8,3,5,4,1,6,7,9
68,8,5,9,4,7,1,3,2,6
75,1,5,7,4,6,8,3,2,9
61,4,7,6,3,8,9,5,2,1
29,7,4,2,9,8,1,3,6,5
30,9,1,3,4,6,5,8,7,2
74,6,7,4,3,5,1,9,2,8
20,1,8,7,4,3,5,6,9,2
13,5,3,1,8,7,2,4,9,6
32,1,6,2,4,8,5,9,3,7
14,4,3,5,8,2,9,6,1,7
31,1,4,5,9,6,3,2,7,8
74,1,5,9,8,6,3,4,2,7
7,1,4,8,7,5,9,3,2,6
34,6,1,8,9,2,4,3,5,7
31,8,7,9,5,3,2,1,6,4
60,7,4,3,6,2,1,8,9,5
45,1,8,5,4,3,2,9,6,7
39,3,9,8,6,1,5,7,2,4
67,6,9,8,4,1,3,7,5,2
8,2,4,1,9,8,6,5,7,3
65,2,5,8,4,3,1,6,7,9
28,1,7,6,8,3,2,4,9,5
66,5,6,4,9,2,3,8,7,1
54,5,6,4,9,2,7,1,3,8
70,7,2,9,6,4,5,3,8,1
64,7,1,8,3,4,9,5,6,2
52,3,7,1,8,9,4,2,6,5
44,3,8,4,5,1,6,7,9,2
0,3,9,2,1,5,4,7,6,8
36,7,1,4,5,3,9,2,8,6
30,2,3,4,7,1,8,6,5,9
14,3,2,5,6,1,8,4,7,9
42,6,4,5,2,8,3,9,1,7
40,4,1,8,5,7,3,9,2,6
34,1,5,7,6,3,2,9,4,8
0,1,8,5,2,9,7,3,6,4
17,7,2,3,1,8,6,9,5,4
38,1,7,6,8,5,2,9,3,4
6,2,6,7,1,8,9,4,5,3
14,1,9,7,2,3,4,6,5,8
42,3,4,7,8,9,1,5,6,2
8,8,5,4,7,6,3,1,2,9
9,6,3,1,5,4,9,7,2,8
45,6,2,1,4,7,9,3,5,8
15,9,2,1,3,6,7,4,5,8
62,5,8,7,2,1,3,4,6,9
57,9,8,4,5,6,1,7,2,3
22,3,4,7,5,2,1,6,9,8
17,4,2,5,6,7,1,8,3,9
8,1,6,5,3,8,7,2,4,9