12
1,a
2,b
3,c
4,d
5,e
6,f
7,g
8,h
9,i
10,j
11,k
12,l
51286,51286,1000
52,12,7,5,2,1,4,6,9,8,10,3,11
45,2,1,11,6,10,8,5,7,3,4,9,12
50,2,12,4,8,5,11,9,1,7,10,3,6
97,8,2,10,6,9,3,1,11,4,5,7,12
100,6,10,1,5,3,4,2,7,9,11,12,8
13,5,9,6,10,4,1,7,2,8,12,3,11
97,8,5,6,1,2,12,10,9,3,7,11,4
54,1,9,11,6,5,2,10,4,3,12,7,8
60,7,9,11,4,1,3,8,10,6,12,2,5
42,1,12,6,9,8,2,4,5,11,7,3,10
25,8,2,4,11,7,1,3,12,9,6,5,10
23,9,8,10,7,2,5,1,3,11,12,6,4
38,2,7,12,6,11,10,8,1,4,5,9,3
17,2,10,9,6,12,5,1,8,11,3,7,4
11,8,5,12,1,11,6,4,10,7,3,2,9
25,3,6,10,1,7,9,5,11,12,8,4,2
53,11,5,10,12,1,7,6,2,4,8,3,9
57,8,11,7,10,2,12,6,4,1,5,3,9
33,6,11,7,9,10,1,5,3,2,8,12,4
10,4,10,5,7,12,2,3,6,1,8,11,9
93,5,4,11,1,3,8,9,6,12,2,7,10
4,12,5,3,10,6,9,8,2,1,11,7,4
59,1,8,9,2,4,3,10,6,5,7,11,12
77,9,5,6,2,4,1,7,12,3,8,11,10
88,5,12,1,11,3,6,4,10,7,9,2,8
75,4,6,8,11,5,1,12,9,2,7,10,3
55,10,11,2,3,7,9,1,12,4,8,5,6
88,1,10,12,3,6,7,8,9,2,11,5,4
98,8,11,2,12,4,6,3,10,7,5,1,9
37,8,4,7,10,2,3,6,5,1,9,12,11
15,3,8,5,7,12,10,6,11,4,9,2,1
13,8,5,12,6,2,11,4,7,3,10,1,9
87,7,8,12,11,6,2,5,1,10,4,9,3
98,9,3,12,4,2,10,1,5,6,7,11,8
95,12,11,2,1,3,4,8,9,10,5,6,7
77,7,1,10,5,8,2,4,3,9,12,11,6
43,2,12,3,7,6,1,11,9,10,5,4,8
97,1,3,6,10,5,9,7,8,4,2,12,11
35,1,11,6,2,9,10,12,5,3,8,4,7
95,8,12,5,6,4,10,9,7,1,3,11,2
58,12,9,6,3,2,11,8,7,10,4,1,5
9,7,12,1,3,11,8,6,9,5,2,10,4
64,10,9,3,5,8,2,12,6,4,11,1,7
76,8,12,7,9,10,3,5,2,11,4,1,6
87,9,2,10,11,5,7,8,3,6,1,12,4
78,9,1,12,2,6,8,4,10,5,11,7,3
2,5,9,6,8,11,7,2,1,3,4,10,12
99,6,12,7,3,10,5,1,9,2,8,4,11
4,12,9,6,2,1,8,5,4,11,3,10,7
57,11,9,2,1,3,8,7,6,4,12,5,10
73,3,1,2,12,4,11,8,5,10,9,7,6
23,5,8,7,10,6,9,3,2,1,4,12,11
0,10,11,1,3,7,5,12,4,8,9,6,2
87,1,11,2,6,9,5,4,10,12,3,7,8
65,8,2,4,5,1,11,10,12,9,6,3,7
4,4,7,12,10,11,8,9,3,1,2,6,5
89,4,1,3,6,5,12,2,10,11,9,7,8
35,7,10,3,8,11,12,2,1,4,6,5,9
51,12,11,4,3,9,5,1,7,2,8,6,10
0,11,12,6,3,9,4,8,7,2,10,5,1
83,2,4,9,8,11,6,12,1,7,3,5,10
45,11,12,10,1,2,4,3,6,8,7,5,9
58,4,5,12,9,7,10,2,8,1,11,3,6
96,4,10,3,11,6,2,9,7,5,12,8,1
9,8,2,5,7,9,6,10,11,3,12,1,4
79,10,12,3,4,6,5,11,1,8,2,9,7
92,2,7,11,6,3,8,12,1,5,9,10,4
67,4,12,3,8,11,10,7,9,6,2,5,1
64,5,11,8,4,9,1,7,6,2,10,3,12
34,7,4,1,10,6,2,9,3,12,8,11,5
21,11,4,6,5,3,9,1,12,8,7,2,10
0,3,4,11,8,12,9,7,2,10,5,6,1
25,12,6,7,10,4,2,11,8,5,9,3,1
78,9,3,8,2,12,1,10,11,4,6,5,7
50,9,5,6,12,1,10,11,7,8,2,4,3
91,4,12,5,9,3,10,2,6,11,7,1,8
90,1,9,11,2,12,10,4,8,6,3,7,5
42,5,11,6,9,4,8,1,7,12,10,2,3
29,3,6,5,8,9,1,4,12,2,7,11,10
34,11,8,4,6,10,2,9,7,1,5,12,3
85,4,8,7,10,12,6,11,1,2,9,3,5
93,1,6,7,11,9,8,12,2,10,5,4,3
92,4,3,7,12,1,2,9,8,6,10,11,5
20,5,8,3,6,2,12,11,7,4,10,1,9
94,1,3,8,4,5,2,9,6,7,12,10,11
44,7,10,4,12,6,8,1,3,9,5,2,11
92,2,3,10,8,9,4,6,12,11,7,5,1
100,9,3,11,1,12,7,6,5,2,4,8,10
20,10,8,12,5,9,1,4,3,2,7,11,6
59,12,10,8,3,11,6,1,4,2,9,5,7
89,12,10,5,11,1,8,6,9,7,3,2,4
93,1,3,11,9,10,8,4,2,6,5,7,12
81,9,4,11,12,7,10,1,8,2,3,5,6
41,3,12,5,7,10,9,8,2,4,6,11,1
2,3,4,12,11,2,8,1,7,10,5,6,9
22,4,10,2,9,12,11,5,7,3,8,6,1
3,8,10,9,7,1,2,11,6,5,4,3,12
54,6,7,11,5,8,3,4,1,12,9,10,2
50,8,10,5,12,7,1,4,9,6,11,2,3
8,7,1,2,10,11,8,3,9,12,4,5,6
87,5,2,8,7,4,11,12,10,9,3,1,6
61,1,4,6,5,12,10,8,2,3,9,7,11
32,8,11,7,10,9,12,1,4,5,3,2,6
55,5,8,3,9,1,10,6,2,11,12,4,7
33,10,11,9,12,6,8,4,1,5,2,7,3
79,5,4,10,8,1,9,11,2,3,6,12,7
79,5,7,3,4,9,2,11,10,12,1,6,8
2,4,11,5,9,7,10,2,1,3,8,12,6
86,4,5,11,6,10,7,8,9,3,1,12,2
66,6,12,9,1,11,3,10,7,5,4,2,8
84,1,5,3,10,12,9,7,2,6,8,11,4
11,8,12,2,9,11,3,4,6,5,10,1,7
86,8,4,11,5,2,10,12,6,3,9,7,1
78,11,6,10,9,4,3,2,5,12,8,1,7
42,5,1,12,2,10,3,7,9,4,6,8,11
100,3,8,6,9,12,11,2,5,1,7,4,10
55,11,7,9,10,8,5,12,2,4,6,1,3
59,4,6,9,1,5,3,12,10,11,8,7,2
21,8,10,5,11,3,1,9,4,7,12,2,6
75,4,6,2,9,11,1,12,10,7,8,5,3
28,4,11,5,8,7,2,6,12,3,10,9,1
34,5,1,3,12,11,4,10,9,8,6,2,7
0,9,7,5,10,4,12,8,3,6,11,2,1
10,11,4,1,5,2,12,7,10,8,3,6,9
36,9,2,5,4,1,8,11,6,7,10,3,12
16,8,10,3,6,11,4,5,7,12,2,1,9
31,6,3,10,2,12,8,1,5,4,7,11,9
89,7,4,11,5,10,12,9,2,3,8,1,6
46,3,10,1,5,6,9,8,12,11,7,4,2
0,9,3,4,5,11,6,7,10,1,12,8,2
45,2,10,7,9,3,11,6,8,5,12,1,4
48,4,5,9,10,8,11,2,7,6,3,12,1
85,9,10,12,8,6,4,7,3,11,2,5,1
20,8,11,10,12,6,2,5,9,1,3,4,7
18,10,12,2,3,9,6,4,1,5,7,11,8
72,10,8,5,9,1,6,4,12,11,7,3,2
78,8,9,11,3,5,12,7,4,6,1,10,2
56,3,5,4,11,12,6,7,2,10,9,1,8
96,9,12,10,8,4,2,1,6,11,5,7,3
39,8,11,4,12,5,3,2,7,1,6,10,9
67,2,7,6,5,9,11,10,8,3,12,4,1
97,7,12,11,6,10,4,5,9,3,1,8,2
95,9,11,7,3,12,2,6,1,8,5,10,4
77,5,7,9,12,2,8,11,4,6,1,3,10
54,1,5,9,3,7,2,12,8,4,10,6,11
77,10,8,4,1,3,9,12,11,5,2,7,6
11,5,10,4,8,6,12,3,7,9,1,2,11
73,10,8,2,11,3,12,1,4,7,6,5,9
66,11,9,5,7,8,12,6,10,3,4,2,1
96,6,12,5,7,2,11,8,3,10,1,4,9
22,2,6,12,8,3,11,10,5,4,9,7,1
61,7,1,8,9,11,12,4,5,2,10,3,6
51,6,2,10,9,12,3,5,1,11,8,4,7
57,11,3,5,8,4,1,9,12,2,6,7,10
16,9,4,1,3,11,2,6,5,12,8,7,10
50,2,1,10,8,6,12,5,9,4,11,3,7
19,2,8,6,9,3,10,7,11,5,4,12,1
96,3,11,6,10,4,1,5,8,2,7,12,9
89,8,11,1,3,12,9,6,10,5,7,4,2
95,12,7,4,1,3,10,9,5,2,8,6,11
19,11,3,6,9,1,12,5,10,7,2,8,4
15,12,4,3,11,6,7,10,9,2,1,8,5
70,10,9,12,3,5,6,1,7,8,11,4,2
26,7,3,8,4,1,12,11,5,6,9,10,2
45,11,5,9,2,8,10,12,7,4,1,3,6
14,1,11,7,9,6,12,4,3,8,5,2,10
48,11,2,7,8,6,10,3,1,4,5,9,12
98,10,2,7,5,6,8,4,1,9,3,11,12
17,10,7,9,8,12,2,6,5,3,1,4,11
75,9,1,7,2,6,11,4,8,5,3,12,10
23,2,7,6,12,3,4,5,10,11,8,1,9
61,10,1,7,9,8,5,4,2,6,3,11,12
35,2,12,10,11,5,9,8,1,6,4,7,3
92,4,10,7,9,1,2,8,12,6,11,5,3
20,8,2,11,3,7,10,5,4,1,12,6,9
24,3,11,10,2,12,4,8,7,9,5,6,1
44,1,2,12,3,7,4,10,11,9,6,8,5
71,9,8,2,10,3,12,5,11,1,4,6,7
48,3,6,4,9,7,1,10,12,5,8,11,2
16,12,4,9,10,8,7,1,5,2,11,3,6
11,11,5,2,10,9,8,3,6,7,4,1,12
42,4,2,11,9,12,7,5,10,3,6,1,8
79,11,3,2,12,6,7,1,10,5,8,9,4
35,1,2,12,6,3,5,7,8,9,11,4,10
38,11,1,8,4,6,2,3,10,12,7,5,9
88,5,11,4,1,10,3,7,2,9,6,12,8
69,12,10,7,9,1,8,3,5,2,11,6,4
21,1,4,7,12,3,6,2,8,9,10,5,11
61,6,4,10,1,2,8,5,3,9,11,12,7
56,11,6,10,5,7,8,1,12,9,4,3,2
47,3,6,10,11,9,7,4,2,8,12,1,5
29,4,10,8,5,2,3,12,6,7,9,11,1
10,2,5,8,4,10,12,7,6,11,9,1,3
25,6,2,1,7,9,11,3,8,12,5,10,4
25,2,11,1,3,6,7,5,4,9,10,8,12
39,9,4,1,11,3,8,5,2,7,6,10,12
48,9,2,12,6,10,11,1,3,4,8,7,5
2,6,5,10,12,2,11,1,7,3,4,9,8
78,6,10,12,2,11,1,5,4,9,7,3,8
4,6,4,2,8,7,12,1,5,3,10,9,11
20,10,7,1,12,3,9,4,8,11,6,5,2
55,1,8,11,6,9,3,2,10,4,12,5,7
82,8,1,11,9,2,12,4,6,3,10,7,5
7,10,12,5,4,2,8,6,7,1,3,11,9
60,6,12,10,9,2,1,7,4,11,5,8,3
81,1,4,6,3,11,7,5,2,9,12,10,8
71,10,11,2,3,4,7,12,5,1,9,8,6
54,2,1,5,8,12,7,6,11,4,3,9,10
62,1,9,12,6,3,7,5,2,8,10,11,4
78,12,10,7,5,8,3,4,2,9,11,1,6
65,12,7,9,3,11,5,2,10,1,6,4,8
96,12,1,2,3,8,5,7,6,4,11,9,10
16,7,8,11,10,1,9,6,3,12,5,2,4
66,11,4,12,6,3,5,9,7,8,2,10,1
57,3,8,11,5,1,7,4,9,6,12,10,2
67,4,2,6,3,8,1,9,10,12,11,5,7
86,5,4,6,9,7,10,11,12,8,3,1,2
29,5,9,6,7,1,2,4,8,12,11,10,3
84,12,2,8,11,5,3,4,9,6,7,10,1
64,9,2,4,11,10,6,12,5,8,1,3,7
53,3,6,12,11,9,7,2,8,5,1,4,10
7,1,3,9,10,6,4,12,11,8,5,7,2
0,10,5,9,2,11,1,12,6,4,3,7,8
17,9,12,7,1,4,8,2,3,10,6,11,5
24,1,5,4,8,12,2,10,3,6,7,11,9
66,10,8,9,11,1,2,12,6,7,3,5,4
56,3,5,9,2,6,4,11,7,10,8,12,1
52,6,1,11,2,5,4,12,8,3,9,10,7
37,2,6,11,8,4,12,5,1,9,3,7,10
6,11,4,10,5,3,6,7,9,1,12,8,2
86,3,8,10,12,7,6,5,2,9,4,1,11
22,3,7,6,10,12,2,5,8,1,9,11,4
17,3,8,2,7,12,5,1,4,9,6,11,10
20,2,11,6,8,3,1,5,7,10,4,9,12
27,10,12,3,5,11,9,2,4,7,6,8,1
99,9,1,4,10,11,5,8,6,2,3,12,7
41,5,4,12,8,6,2,10,1,11,3,7,9
74,10,6,9,7,3,8,4,11,1,2,12,5
96,1,8,7,12,6,9,11,2,3,10,5,4
58,10,8,12,1,2,5,4,7,11,9,3,6
78,3,10,4,1,12,7,11,8,2,5,9,6
87,7,3,12,1,5,8,4,6,2,11,9,10
3,6,4,5,3,12,11,8,9,2,7,10,1
84,3,6,12,9,2,1,8,10,5,11,4,7
80,10,4,9,3,1,12,7,5,8,6,11,2
0,7,11,3,5,10,8,1,2,9,12,4,6
24,5,7,8,10,9,1,2,3,4,11,12,6
81,3,10,2,8,1,11,9,4,7,6,5,12
23,5,11,4,8,7,1,2,9,6,3,10,12
74,3,2,10,9,8,4,1,7,6,11,5,12
44,6,12,7,5,4,11,8,2,9,1,10,3
53,5,7,8,10,1,2,12,4,11,3,6,9
33,9,7,1,8,4,11,12,10,2,5,6,3
30,6,11,12,10,7,2,5,3,9,8,1,4
98,7,9,6,4,11,8,5,3,10,2,12,1
35,10,1,7,8,9,4,11,3,2,5,6,12
53,6,11,5,8,3,1,7,9,4,12,10,2
37,3,11,12,9,6,4,1,8,2,10,7,5
31,1,9,2,8,4,5,6,7,10,11,12,3
3,12,4,3,10,11,1,9,8,5,6,7,2
97,4,1,2,7,5,8,9,11,10,6,12,3
89,7,6,1,11,2,12,5,9,10,8,4,3
12,8,9,6,12,1,2,11,5,10,4,3,7
11,9,2,8,4,10,3,1,6,5,11,12,7
39,6,10,8,3,7,4,2,11,1,12,5,9
53,10,12,3,5,8,6,2,9,1,11,7,4
71,5,4,7,10,8,2,1,6,9,11,12,3
58,12,11,9,8,4,7,5,2,3,6,1,10
9,9,10,3,12,8,6,5,11,1,2,7,4
88,5,2,6,12,8,10,7,11,9,1,3,4
2,12,11,3,9,4,5,8,7,2,10,1,6
51,4,2,8,7,6,12,11,10,3,1,5,9
47,4,7,12,11,6,1,9,5,8,2,10,3
20,1,11,8,2,6,10,5,4,7,12,3,9
1,6,8,3,2,4,9,12,7,5,11,10,1
1,5,7,11,1,8,6,2,3,4,12,9,10
49,12,8,7,10,1,11,5,9,4,2,6,3
4,4,5,7,9,6,12,2,10,3,8,1,11
88,2,12,1,8,9,10,5,11,6,4,7,3
48,3,2,7,1,11,5,10,12,8,9,4,6
50,10,12,5,9,7,3,11,6,4,8,2,1
34,5,2,10,4,1,8,7,12,3,9,6,11
95,7,5,4,9,3,8,1,12,11,2,10,6
53,5,11,8,3,9,10,12,7,4,1,2,6
74,1,10,12,5,6,8,4,11,9,7,2,3
9,2,11,12,1,7,9,4,6,10,5,3,8
100,12,6,5,10,2,1,3,7,4,9,11,8
6,2,8,10,11,4,1,6,3,12,5,7,9
69,9,3,7,1,10,11,5,2,8,4,12,6
23,10,2,1,3,12,8,6,9,7,4,5,11
92,1,2,12,7,4,6,9,11,5,10,8,3
22,7,5,10,11,1,9,4,8,6,12,3,2
67,12,1,6,9,5,8,7,2,3,10,4,11
3,6,9,5,8,10,2,7,4,3,1,12,11
79,2,4,9,1,6,7,8,12,10,11,5,3
86,2,7,4,5,12,11,8,9,1,6,3,10
89,4,7,11,12,3,10,1,5,8,6,2,9
39,8,7,1,12,2,10,3,4,5,6,11,9
15,11,4,6,5,9,7,10,2,12,1,8,3
50,5,6,4,1,7,8,3,12,11,10,2,9
40,10,4,8,6,3,1,7,12,9,2,11,5
36,11,7,5,1,10,6,9,2,3,4,12,8
48,7,9,1,6,4,5,10,2,3,12,11,8
2,11,6,12,7,3,2,9,10,1,5,8,4
72,5,11,1,6,2,10,4,12,8,3,7,9
63,1,5,11,8,7,10,4,6,3,2,12,9
97,8,4,10,3,1,9,11,12,7,5,2,6
46,10,7,2,9,1,6,4,3,12,5,11,8
5,6,4,12,9,5,11,8,2,10,3,7,1
44,1,11,9,8,12,7,2,4,5,10,3,6
10,12,11,3,2,10,6,9,8,5,4,1,7
62,5,3,11,1,4,10,12,9,7,8,2,6
14,10,7,8,3,2,4,6,5,1,9,12,11
96,9,6,4,3,2,10,7,5,12,1,11,8
10,5,3,6,4,7,12,2,10,9,1,11,8
43,11,1,7,6,8,3,9,2,12,10,4,5
89,2,12,6,3,7,1,8,4,10,11,5,9
35,4,10,2,5,7,1,9,11,6,12,8,3
14,3,4,9,12,11,7,2,1,8,5,6,10
1,6,8,3,1,9,12,11,10,7,5,2,4
49,6,1,3,12,2,9,5,11,4,7,10,8
51,1,7,3,11,2,6,10,5,4,12,9,8
63,5,6,1,2,3,12,9,10,8,7,4,11
40,12,6,5,3,11,8,10,4,2,1,9,7
87,1,9,2,7,3,10,4,12,5,6,8,11
38,12,10,3,5,7,11,6,2,1,8,9,4
93,6,3,7,2,11,8,9,4,12,5,10,1
87,12,6,8,9,3,10,4,5,11,7,2,1
60,12,10,2,1,5,8,4,3,9,11,6,7
91,11,3,6,10,4,5,7,8,2,9,12,1
81,4,3,9,6,5,2,11,7,1,12,10,8
54,11,6,7,3,1,8,12,10,4,2,5,9
6,9,12,11,6,5,7,4,8,1,2,3,10
86,7,5,3,6,2,9,8,4,10,11,12,1
11,9,2,10,12,8,4,6,1,5,11,3,7
94,4,1,7,2,10,9,3,5,8,6,11,12
62,6,5,1,2,3,8,4,7,12,11,10,9
98,4,10,2,7,9,1,8,12,3,5,6,11
19,7,3,12,9,6,11,2,4,8,1,5,10
31,10,5,3,12,8,4,11,7,6,1,9,2
33,11,6,10,12,8,7,4,2,5,3,1,9
52,5,3,12,8,2,4,7,10,6,1,11,9
6,10,3,11,6,5,12,7,9,2,4,8,1
88,8,10,11,2,12,6,4,5,9,1,3,7
33,3,5,8,6,7,11,1,10,9,4,2,12
26,11,6,9,4,5,1,2,3,10,12,8,7
1,7,10,12,9,8,4,6,5,3,11,2,1
6,1,11,9,2,6,10,3,5,12,7,8,4
6,3,1,5,4,7,2,9,6,8,11,10,12
45,3,5,9,11,7,2,12,10,6,8,1,4
90,10,1,5,4,9,8,6,7,2,12,3,11
17,11,3,4,10,1,2,7,12,8,5,6,9
23,3,10,8,5,6,9,12,7,2,11,1,4
18,3,9,1,11,4,6,2,5,10,8,7,12
8,8,6,11,9,5,4,2,7,3,1,12,10
20,12,2,8,9,6,7,3,11,4,5,1,10
45,6,3,7,8,1,2,5,9,11,12,4,10
33,10,2,4,5,11,8,7,3,9,1,6,12
27,9,11,10,7,1,4,5,8,6,3,2,12
72,2,8,9,10,7,4,6,12,5,11,1,3
51,5,2,1,7,12,9,11,3,4,8,6,10
8,6,4,10,11,12,5,7,3,9,1,8,2
44,2,6,5,3,10,9,7,8,1,11,4,12
17,1,3,2,8,10,12,11,6,9,7,4,5
46,8,11,5,6,9,1,12,3,7,10,4,2
25,9,1,8,5,10,4,6,12,11,2,3,7
57,3,2,1,10,9,5,7,6,11,8,4,12
93,1,3,2,6,8,7,4,10,12,11,9,5
72,5,2,10,6,9,1,12,7,3,4,11,8
52,1,10,12,8,7,2,9,4,11,6,5,3
49,4,2,10,5,9,8,7,12,3,6,1,11
56,12,2,11,4,10,1,9,8,3,5,7,6
29,4,12,11,7,3,8,10,1,9,2,5,6
92,4,5,1,2,6,3,8,7,11,9,12,10
26,12,9,2,3,6,7,8,5,11,4,10,1
33,4,5,2,7,1,10,9,12,6,8,3,11
5,6,7,5,3,9,4,10,11,1,8,2,12
10,4,1,7,3,5,6,11,9,2,12,8,10
95,5,11,9,3,2,6,7,12,8,4,1,10
22,4,5,3,1,11,9,12,8,10,7,2,6
18,7,12,1,9,2,4,10,5,8,11,6,3
53,9,4,5,7,11,8,2,6,12,3,1,10
95,12,4,3,6,9,7,10,1,5,2,8,11
6,12,7,3,2,5,8,9,11,4,1,6,10
47,1,8,9,7,12,3,2,4,5,6,10,11
47,7,5,4,2,6,11,9,10,1,3,12,8
21,11,5,4,12,2,7,3,1,8,10,6,9
25,3,8,2,6,5,11,12,7,1,4,10,9
44,10,7,2,11,8,1,6,9,3,12,4,5
75,11,7,3,4,2,1,9,6,5,8,12,10
97,6,11,1,7,9,2,12,10,3,4,5,8
77,10,5,1,3,2,9,8,4,6,11,7,12
81,1,10,12,7,4,11,8,2,5,9,6,3
85,6,1,11,3,10,12,7,5,9,4,8,2
77,4,6,5,11,9,1,12,10,3,2,7,8
56,1,5,8,3,12,9,11,10,7,4,6,2
76,2,8,12,1,4,11,9,6,7,10,3,5
82,12,3,8,1,5,10,6,4,9,11,2,7
58,6,1,9,8,12,7,3,4,11,2,5,10
36,10,7,8,1,6,4,11,12,2,5,3,9
35,2,9,11,1,7,12,6,5,3,4,10,8
80,12,4,7,3,9,1,10,11,5,8,2,6
19,4,11,10,9,8,2,6,12,1,7,3,5
70,7,2,11,12,5,6,1,3,8,10,4,9
3,2,1,7,5,12,11,10,6,4,3,8,9
83,11,5,8,1,7,9,10,12,2,6,3,4
46,2,4,3,11,1,10,9,8,7,12,6,5
9,7,5,10,12,6,8,4,11,9,3,2,1
86,4,2,10,12,8,3,7,5,9,1,6,11
35,11,10,12,6,9,3,5,8,7,4,1,2
44,6,11,5,12,9,10,7,8,3,2,4,1
65,8,7,2,3,10,4,11,6,1,5,9,12
19,5,11,3,12,2,8,10,1,6,9,4,7
88,2,4,8,10,6,5,9,11,1,7,12,3
68,9,2,3,12,7,1,4,5,11,8,6,10
13,11,3,9,8,6,5,2,4,12,7,10,1
65,6,2,5,8,11,7,10,12,3,1,4,9
40,10,6,9,12,2,11,1,5,8,7,4,3
52,10,2,7,11,3,8,12,1,6,9,5,4
51,6,5,1,3,12,4,9,2,8,7,11,10
15,6,12,5,7,8,11,2,4,10,9,1,3
49,4,10,12,8,3,11,1,5,7,2,9,6
69,2,9,6,1,3,11,7,12,4,5,10,8
59,3,4,1,6,2,5,7,12,8,10,9,11
2,4,3,2,8,7,6,10,1,9,12,5,11
55,1,12,4,11,3,7,9,10,2,8,5,6
90,4,7,3,5,1,6,8,9,2,12,11,10
41,9,8,12,11,6,2,3,7,5,10,4,1
70,7,3,12,5,1,11,4,2,9,10,8,6
84,11,4,9,10,5,8,7,12,2,6,3,1
7,12,3,10,4,8,7,6,9,5,1,2,11
36,3,8,1,5,10,6,9,4,2,11,7,12
46,9,11,1,8,12,10,3,5,7,6,4,2
98,1,11,10,3,5,4,6,9,2,12,7,8
80,4,6,11,10,12,2,5,9,1,8,7,3
70,3,11,12,8,5,10,1,2,6,4,7,9
30,2,1,11,8,4,5,6,3,7,9,12,10
59,6,7,8,11,12,3,9,2,10,1,4,5
73,5,3,2,1,10,9,11,12,7,4,6,8
18,4,2,11,6,1,8,5,3,12,10,7,9
63,7,4,12,2,9,3,1,8,10,6,11,5
45,7,11,12,10,1,3,8,6,4,5,2,9
73,3,8,9,7,1,6,12,5,4,10,11,2
82,9,5,3,2,8,1,4,10,12,7,11,6
80,5,12,7,4,9,11,1,10,3,2,6,8
63,1,3,4,9,10,8,7,12,6,11,2,5
12,4,8,12,5,9,6,7,3,11,2,10,1
89,2,1,8,12,7,5,10,3,6,4,11,9
98,2,10,8,7,1,11,6,5,12,9,4,3
7,7,5,11,2,12,1,9,3,10,4,8,6
48,6,12,4,3,5,9,11,2,7,8,1,10
59,4,7,10,2,12,3,5,6,11,8,1,9
92,8,7,3,1,6,2,5,4,12,9,11,10
23,1,9,7,3,2,5,12,11,10,6,4,8
90,6,5,7,4,1,2,3,9,10,8,11,12
16,4,8,9,3,10,7,5,1,2,6,11,12
9,7,9,4,1,6,3,11,12,2,8,5,10
79,1,8,11,12,6,3,2,4,10,5,9,7
21,1,3,4,6,9,8,7,2,5,12,10,11
62,1,7,8,5,11,12,6,4,9,3,10,2
94,4,2,7,10,11,6,1,5,3,8,12,9
10,2,7,1,9,8,6,5,3,10,12,11,4
17,6,7,5,3,10,9,8,4,12,11,1,2
53,7,5,11,9,2,12,10,1,4,8,3,6
92,1,10,8,11,2,7,4,12,9,6,3,5
13,1,8,4,7,11,12,6,5,10,9,3,2
82,11,9,7,5,12,4,1,10,6,8,2,3
98,5,4,10,12,6,11,1,7,9,2,8,3
10,7,6,2,9,3,12,5,8,1,11,10,4
3,12,4,1,5,10,6,7,2,8,3,11,9
81,2,10,12,6,8,5,1,9,11,3,7,4
89,3,7,5,4,11,6,2,12,1,8,10,9
82,5,12,3,11,4,2,1,7,6,9,8,10
20,4,8,2,10,11,6,7,5,12,9,1,3
36,9,11,5,8,3,10,1,7,4,6,12,2
53,8,7,1,11,3,9,5,12,2,6,4,10
4,3,4,2,9,12,8,7,10,1,6,11,5
83,12,4,1,2,3,11,10,5,9,7,6,8
53,5,3,11,4,1,2,12,10,9,6,8,7
42,6,10,2,12,7,9,3,1,4,11,5,8
88,4,8,10,9,2,1,3,12,11,5,6,7
88,7,1,6,5,3,10,2,11,12,9,8,4
42,11,7,10,1,12,2,8,4,6,3,5,9
14,12,10,5,11,3,7,4,6,9,2,8,1
94,7,5,2,4,3,1,10,9,11,8,12,6
79,7,1,12,5,4,2,9,10,6,11,8,3
53,12,9,6,10,4,2,5,1,7,8,11,3
75,2,10,4,11,6,8,12,3,7,5,9,1
86,5,1,12,10,7,3,9,11,6,8,2,4
68,4,5,2,10,3,12,1,8,9,11,6,7
38,11,12,2,4,9,10,1,8,3,6,5,7
69,5,9,6,7,12,11,1,4,2,8,10,3
65,10,8,3,5,7,12,11,9,4,1,2,6
46,6,4,12,2,7,5,10,9,11,1,8,3
70,10,12,11,2,7,9,8,4,6,3,1,5
86,8,2,11,10,12,6,9,1,4,5,3,7
62,2,12,1,11,3,6,4,5,8,9,7,10
90,12,2,6,3,10,4,8,5,7,1,9,11
6,2,8,5,6,4,11,12,3,10,9,7,1
39,4,5,2,12,6,3,1,10,7,8,9,11
62,8,7,1,4,10,6,2,12,11,5,3,9
10,12,6,7,5,2,10,11,9,1,4,3,8
53,7,3,6,10,2,4,12,5,8,11,9,1
59,4,9,2,8,1,6,7,12,10,3,11,5
47,10,7,2,11,6,9,1,4,12,8,3,5
1,12,4,7,2,11,10,1,8,5,3,9,6
29,7,5,1,3,12,2,11,9,8,10,4,6
42,10,12,7,8,9,4,1,11,6,2,3,5
17,5,6,12,3,1,11,10,8,2,9,7,4
25,4,7,11,8,12,2,10,5,1,9,3,6
84,1,9,7,4,10,12,3,2,8,6,11,5
14,2,11,9,4,1,12,7,6,10,5,8,3
14,4,10,1,9,11,7,12,6,5,3,2,8
52,3,5,1,11,8,6,10,9,4,7,2,12
37,3,1,10,8,4,6,12,11,5,9,2,7
9,3,12,4,5,2,11,8,6,1,10,9,7
7,3,5,8,11,2,4,6,7,9,10,12,1
63,10,3,4,9,7,11,5,8,1,6,2,12
72,3,8,7,6,11,2,9,5,12,4,10,1
63,6,9,3,4,12,7,1,2,10,5,11,8
75,3,7,8,5,6,12,4,2,11,1,10,9
19,4,7,5,1,6,11,2,9,3,8,12,10
18,1,12,4,9,7,3,5,6,2,10,8,11
91,2,7,5,9,10,6,3,1,4,11,12,8
94,9,11,4,6,1,7,10,8,5,2,12,3
8,4,9,7,2,3,1,5,6,8,10,12,11
77,5,11,10,3,7,12,9,4,1,2,8,6
55,7,9,8,5,3,11,2,6,12,4,1,10
100,12,10,9,11,3,7,2,5,8,6,4,1
81,6,5,1,9,2,11,12,3,7,4,8,10
64,9,8,7,3,1,12,2,6,4,5,11,10
4,12,3,7,10,1,9,8,11,5,4,2,6
27,11,12,6,3,9,10,8,5,7,4,2,1
39,10,6,3,12,11,7,1,4,8,9,2,5
41,9,11,8,3,6,12,1,4,2,5,10,7
7,7,11,6,3,9,5,8,12,10,2,1,4
84,12,10,7,1,5,2,9,8,3,11,6,4
59,1,2,12,5,10,8,6,11,3,4,7,9
10,3,10,11,12,1,6,7,9,4,5,8,2
62,6,2,11,7,4,8,12,3,1,9,5,10
69,3,11,2,10,7,12,6,1,4,8,9,5
70,10,7,9,12,8,1,3,4,11,5,2,6
72,6,9,8,10,5,4,7,2,3,1,11,12
95,4,10,1,2,8,6,5,12,9,7,3,11
19,2,8,5,3,6,10,4,7,12,11,9,1
53,11,3,10,12,6,2,9,8,1,4,7,5
22,9,11,5,1,7,2,6,3,8,4,12,10
80,10,12,7,1,11,3,9,8,4,6,2,5
41,6,1,4,10,2,7,9,11,3,5,8,12
13,2,3,11,1,4,10,12,8,6,7,5,9
96,12,1,2,11,9,6,10,8,4,7,5,3
47,1,5,4,3,8,6,9,2,7,12,10,11
41,2,4,9,5,1,10,11,7,6,3,8,12
98,6,1,3,7,12,5,10,2,8,9,11,4
23,4,7,12,8,3,11,5,2,10,1,6,9
3,4,8,7,10,5,11,6,9,3,1,12,2
13,6,11,4,3,7,1,9,12,5,2,8,10
65,8,9,3,12,10,1,7,11,2,6,5,4
92,5,11,3,9,12,7,1,8,4,6,2,10
23,11,9,10,12,8,6,7,2,5,1,3,4
71,1,9,4,2,10,8,12,7,11,3,6,5
10,10,11,3,2,4,5,7,12,9,6,1,8
19,4,1,7,2,11,10,5,12,6,8,9,3
66,1,6,2,10,11,12,4,7,9,5,3,8
95,1,8,4,6,12,3,10,11,7,2,9,5
47,5,7,1,8,6,3,10,4,11,12,9,2
31,8,3,9,6,5,7,4,1,2,11,10,12
6,5,6,10,7,2,11,9,8,3,12,4,1
93,4,9,12,6,2,8,10,3,7,1,5,11
82,12,5,7,1,11,9,8,4,2,10,6,3
52,4,6,11,10,8,2,7,9,3,1,12,5
44,9,12,3,10,11,5,8,7,1,2,4,6
0,12,2,9,8,11,5,3,6,10,1,4,7
33,4,5,3,1,8,9,11,6,2,12,7,10
45,11,2,12,4,1,3,7,9,6,5,10,8
55,10,12,2,3,5,4,1,9,7,6,11,8
91,4,1,2,3,8,5,12,7,6,10,9,11
80,5,10,2,7,8,12,4,11,9,6,3,1
73,6,4,7,1,2,11,12,5,8,9,3,10
78,10,8,9,4,12,1,6,7,3,11,2,5
3,2,9,8,5,7,3,6,1,12,11,10,4
80,6,10,2,12,5,7,11,4,1,9,3,8
98,12,3,1,5,11,7,9,10,6,4,8,2
63,7,10,12,6,4,5,9,3,1,2,8,11
81,9,7,1,11,8,5,4,10,2,3,12,6
52,8,4,5,6,10,9,11,1,3,12,2,7
96,12,11,9,3,5,2,7,4,8,6,10,1
8,6,10,5,8,12,3,11,7,9,1,4,2
64,2,7,1,4,12,5,11,6,10,8,3,9
25,4,7,2,8,10,1,5,9,11,3,12,6
97,5,3,2,6,4,9,11,7,10,8,12,1
76,9,4,11,12,6,5,2,1,3,7,8,10
69,8,5,7,11,9,2,12,1,6,10,4,3
53,4,9,6,12,1,2,11,10,7,5,8,3
65,1,8,9,4,7,11,6,12,10,5,3,2
49,10,1,2,5,8,6,3,11,7,9,4,12
46,8,1,12,5,4,3,10,9,6,7,2,11
5,7,10,12,1,6,5,9,3,4,11,2,8
51,5,2,12,8,1,3,6,9,7,11,10,4
94,1,5,4,6,3,8,2,12,7,11,10,9
74,7,8,3,4,5,11,6,10,9,2,1,12
14,9,11,3,4,10,1,7,5,12,8,6,2
18,11,8,2,6,7,3,4,9,1,5,10,12
67,11,8,9,1,2,10,5,6,7,3,4,12
59,8,1,6,9,7,5,4,3,2,12,11,10
64,4,2,12,9,6,3,11,1,7,5,10,8
86,4,9,3,7,12,6,8,2,1,10,5,11
28,5,8,12,4,1,10,11,9,2,6,7,3
98,4,12,9,11,8,1,10,3,6,7,5,2
75,7,1,6,5,11,12,4,9,8,3,10,2
58,8,3,4,2,7,6,12,9,11,1,5,10
88,4,7,10,5,8,12,1,3,11,2,9,6
9,12,2,9,5,10,7,11,1,8,6,4,3
82,10,3,4,12,8,1,2,11,5,6,9,7
45,1,2,9,12,8,7,10,5,11,4,3,6
96,2,1,8,4,6,5,7,9,12,11,3,10
5,9,12,3,2,6,11,10,1,7,8,4,5
67,2,7,10,3,6,12,4,11,8,9,5,1
100,6,1,11,3,7,10,5,8,9,4,12,2
40,8,5,6,12,10,2,7,3,4,11,1,9
71,7,11,3,10,12,6,4,8,9,5,1,2
40,4,11,2,7,9,3,10,6,8,12,1,5
27,5,8,3,12,7,11,1,6,10,2,9,4
88,5,6,4,9,12,7,11,8,2,1,3,10
86,12,9,2,7,8,4,3,11,1,5,6,10
22,11,1,9,5,2,6,10,12,4,8,3,7
14,2,4,11,1,12,8,9,6,5,3,10,7
24,12,10,1,4,7,8,9,2,6,3,5,11
12,1,11,7,9,5,6,10,2,8,3,12,4
84,4,12,3,11,6,5,1,8,9,7,2,10
48,11,10,4,1,12,7,9,2,5,3,8,6
89,8,7,4,2,3,1,11,12,5,6,9,10
53,7,3,10,2,9,5,4,12,6,8,11,1
90,6,11,1,9,2,8,4,7,5,12,10,3
89,6,3,10,2,4,12,7,11,9,5,8,1
28,7,2,1,11,10,4,5,3,12,6,8,9
60,10,8,6,5,3,12,4,9,1,7,11,2
59,8,10,1,2,7,6,12,11,9,4,5,3
72,2,11,12,3,1,6,4,10,5,7,8,9
88,3,7,1,11,8,6,10,12,9,2,4,5
42,7,3,4,8,9,12,1,11,2,10,5,6
74,4,3,10,11,2,5,6,1,9,8,12,7
49,1,4,11,8,7,2,5,10,6,12,3,9
1,11,2,9,5,1,12,3,6,10,4,8,7
96,7,6,2,3,4,9,5,12,11,8,1,10
13,2,5,9,11,12,1,7,8,6,3,10,4
95,9,5,10,4,3,6,7,2,8,1,12,11
15,11,8,10,9,3,6,2,5,7,12,1,4
61,9,8,10,6,7,11,12,4,3,2,1,5
100,9,8,1,2,10,3,7,6,11,12,5,4
21,1,3,11,12,9,5,10,2,4,7,8,6
25,6,2,3,9,8,12,4,1,5,11,7,10
51,5,2,1,12,7,10,3,9,8,6,4,11
93,5,4,12,1,9,3,7,11,8,6,2,10
100,11,3,9,12,6,8,5,10,2,4,1,7
62,12,9,3,7,10,1,6,4,2,8,11,5
71,11,3,1,5,7,6,9,2,10,4,12,8
67,2,8,7,1,6,10,3,11,9,12,4,5
37,8,6,11,2,5,7,10,9,1,4,3,12
65,8,5,3,10,4,1,12,11,9,6,7,2
83,12,7,4,8,6,2,11,9,1,5,3,10
4,2,9,5,10,12,4,8,11,3,1,6,7
90,6,12,8,5,11,7,9,3,10,4,2,1
71,1,5,3,8,10,2,6,11,12,9,4,7
82,2,7,4,8,11,10,1,3,6,9,12,5
16,7,6,3,10,12,11,9,2,8,4,5,1
5,4,12,10,3,6,5,2,7,1,8,11,9
34,6,2,9,8,7,1,11,4,10,3,12,5
3,12,11,2,7,1,4,10,9,3,8,5,6
1,10,5,6,1,7,3,8,12,4,2,11,9
52,1,11,10,9,6,7,5,12,2,8,3,4
20,9,2,8,10,1,6,4,11,5,7,3,12
100,3,12,10,6,8,1,4,11,5,9,2,7
26,9,5,10,4,6,7,12,1,3,11,8,2
72,3,6,11,1,12,2,8,5,4,10,7,9
95,2,1,9,12,6,5,11,8,3,10,7,4
24,3,1,12,6,8,5,7,2,9,11,4,10
100,6,12,4,10,2,11,5,1,8,7,9,3
4,3,4,12,8,6,1,7,11,2,5,9,10
41,8,10,7,11,6,9,12,1,3,5,2,4
36,9,5,2,7,4,8,11,6,1,10,12,3
41,1,2,10,8,6,9,5,4,11,3,7,12
76,4,8,6,2,1,12,3,5,9,10,11,7
13,6,4,5,7,11,2,9,1,12,3,8,10
12,2,10,3,12,4,9,6,7,8,1,5,11
24,2,1,12,10,11,6,8,7,3,9,5,4
27,6,4,8,9,11,1,7,12,2,3,5,10
90,1,7,10,9,4,5,11,2,12,3,8,6
28,8,6,4,5,1,9,12,10,2,3,11,7
80,4,11,3,1,8,9,12,5,6,2,10,7
4,7,11,3,12,1,10,4,5,6,8,2,9
51,7,3,4,11,12,5,2,1,10,8,6,9
99,6,1,7,9,2,12,10,5,8,4,11,3
49,12,7,3,6,8,2,10,1,11,4,9,5
80,7,10,5,9,4,8,11,6,3,1,2,12
68,4,3,9,5,8,10,12,2,11,6,7,1
94,5,2,12,10,1,8,3,4,6,7,11,9
22,2,8,1,4,5,6,11,3,10,7,9,12
29,6,7,12,4,1,3,5,9,11,2,10,8
15,11,3,2,7,6,9,5,12,4,8,10,1
26,6,5,11,4,7,8,2,1,12,10,3,9
94,5,1,9,2,3,10,4,6,8,12,11,7
4,2,9,7,11,4,1,10,8,5,12,3,6
37,3,7,6,12,5,11,10,8,1,9,2,4
16,11,12,5,2,8,9,6,3,10,4,7,1
64,10,8,5,9,3,12,1,7,6,4,11,2
53,12,9,5,10,3,11,8,2,7,4,1,6
26,8,10,2,4,6,3,1,9,11,5,12,7
69,2,8,3,1,5,4,10,6,9,7,11,12
21,11,9,4,8,7,12,10,6,5,3,2,1
38,10,5,11,12,8,2,6,4,9,1,7,3
89,8,12,7,5,11,6,2,3,4,1,9,10
25,8,11,10,5,1,2,7,6,12,3,9,4
87,5,4,9,11,10,3,7,1,2,12,6,8
59,4,2,9,6,8,11,5,12,7,1,10,3
88,3,11,7,9,12,10,5,1,8,6,4,2
45,9,8,3,2,6,12,1,7,11,4,5,10
38,3,9,6,7,5,12,10,2,4,11,8,1
97,3,12,4,10,6,7,2,8,9,1,5,11
100,1,4,12,3,9,11,6,10,8,5,7,2
22,3,6,12,9,2,4,11,8,10,7,1,5
27,8,9,3,6,1,11,12,7,4,2,10,5
100,1,5,8,3,9,10,7,11,4,12,2,6
80,6,11,9,4,1,10,5,2,8,12,7,3
58,4,2,9,8,11,7,6,12,10,5,3,1
66,3,12,7,1,5,2,6,10,4,8,9,11
76,3,5,10,6,11,8,12,1,4,9,2,7
99,10,12,4,8,1,3,11,5,6,7,9,2
77,6,11,7,8,9,3,12,10,1,5,2,4
84,7,1,5,6,4,12,11,8,3,2,9,10
64,9,11,1,12,5,7,4,2,8,3,10,6
44,4,12,3,5,8,2,7,10,6,9,11,1
95,6,7,1,12,9,2,5,8,11,3,10,4
81,9,6,8,1,5,3,2,10,4,7,12,11
14,6,7,5,9,3,1,8,2,4,12,11,10
51,5,8,6,11,3,4,1,7,10,2,9,12
28,6,3,2,10,12,1,11,7,4,8,9,5
19,3,6,4,7,1,5,8,10,2,11,9,12
10,3,9,4,12,1,5,6,8,11,7,10,2
58,12,3,10,5,11,9,6,4,8,7,2,1
10,12,9,7,2,5,8,10,4,1,6,3,11
62,3,4,11,6,12,5,9,1,10,2,8,7
20,8,11,2,1,4,6,7,5,10,3,12,9
8,10,8,9,7,11,3,2,5,1,4,6,12
12,4,7,8,9,10,3,2,12,1,6,11,5
0,10,9,3,5,12,11,8,7,2,1,4,6
19,12,4,3,5,8,2,9,1,6,11,10,7
100,8,9,12,7,6,1,4,2,11,3,5,10
87,1,3,8,6,5,7,11,2,12,4,10,9
59,12,1,9,7,2,11,3,4,10,8,6,5
56,1,9,6,11,10,12,5,2,7,8,4,3
41,9,6,1,4,5,8,2,7,12,10,3,11
77,3,8,6,10,7,2,9,1,5,4,11,12
90,2,7,10,5,4,12,11,9,3,1,8,6
33,7,4,5,9,10,1,3,6,2,8,12,11
82,3,10,8,6,5,7,9,2,1,11,4,12
36,1,4,3,7,6,11,5,12,9,8,2,10
68,11,3,7,9,4,10,1,2,12,8,5,6
86,10,11,9,5,7,2,12,8,4,6,3,1
12,12,10,2,6,5,1,3,11,9,4,7,8
85,6,8,3,7,4,12,9,1,5,11,2,10
71,4,12,10,9,8,7,11,1,3,5,6,2
56,1,5,2,11,9,10,8,6,3,7,4,12
27,11,8,6,1,7,3,10,4,5,12,9,2
43,11,9,2,7,6,4,12,8,10,3,5,1
89,1,5,6,7,3,2,4,12,9,8,10,11
87,10,6,3,1,12,4,5,9,7,8,11,2
87,4,10,6,9,2,3,8,7,1,12,11,5
66,6,9,11,8,10,12,1,3,4,5,2,7
36,8,1,2,4,10,3,6,11,5,7,9,12
73,3,1,6,11,5,8,7,12,2,9,4,10
34,11,8,12,4,7,5,9,10,1,6,2,3
45,10,4,6,2,3,5,11,8,12,9,1,7
69,12,3,10,2,7,6,1,11,9,8,5,4
75,10,6,7,9,8,2,1,12,4,5,3,11
2,8,9,7,5,2,11,6,4,1,12,3,10
70,8,10,5,3,11,2,6,9,1,7,4,12
62,5,9,7,11,3,2,6,1,10,8,4,12
51,1,7,4,12,3,2,6,5,9,8,11,10
59,10,9,2,12,3,8,7,1,6,11,4,5
1,7,11,1,12,9,3,6,8,10,2,5,4
28,5,1,3,6,8,2,12,10,4,11,7,9
42,9,2,3,4,10,8,12,5,11,6,7,1
100,5,6,12,9,3,1,2,10,8,7,4,11
17,11,12,6,1,9,8,10,3,7,5,4,2
88,2,1,7,8,12,9,3,10,5,4,11,6
24,4,1,8,3,11,5,7,10,12,6,9,2
74,11,4,12,8,3,10,2,1,6,9,7,5
9,6,7,2,8,12,11,1,3,10,5,4,9
61,3,4,11,9,8,1,2,7,12,10,5,6
25,6,5,11,8,4,3,7,2,10,9,12,1
39,12,6,4,9,10,8,3,11,5,1,2,7
21,4,8,7,12,1,5,3,9,10,11,6,2
74,3,12,1,9,7,10,8,6,5,11,2,4
51,5,11,4,10,6,8,9,2,1,12,3,7
31,8,10,9,12,3,6,7,5,1,11,4,2
67,4,1,6,12,10,7,2,8,9,11,5,3
63,6,9,7,5,11,4,1,8,12,10,2,3
14,8,10,5,11,7,2,6,3,12,9,4,1
99,3,10,6,7,5,9,11,2,8,12,1,4
94,7,6,11,2,3,5,12,8,1,9,4,10
7,1,5,12,9,7,8,3,11,2,6,10,4
78,4,1,11,5,6,2,8,3,10,7,9,12
61,2,6,7,5,9,8,4,11,12,3,1,10
97,9,10,4,8,12,3,6,1,5,2,7,11
67,12,9,7,10,8,4,3,6,11,5,2,1
85,8,10,12,1,6,9,4,3,7,2,5,11
8,10,9,7,1,4,12,2,5,8,3,11,6
87,11,8,4,10,9,5,6,12,3,2,7,1
43,7,2,12,9,5,6,11,8,10,1,4,3
12,8,3,2,6,4,12,1,7,11,9,10,5
68,2,9,8,12,11,1,6,5,4,7,3,10
90,1,11,3,2,4,7,5,10,9,6,8,12
81,8,4,10,12,1,5,9,11,7,3,6,2
97,2,8,11,9,1,12,6,5,3,4,7,10
34,8,7,12,3,4,11,2,6,10,5,1,9
80,1,3,12,4,7,8,6,2,10,9,5,11
46,8,2,9,4,1,11,12,5,3,6,7,10
25,9,4,6,10,5,7,12,1,2,3,11,8
63,10,2,1,8,5,11,7,4,12,3,9,6
36,12,4,3,11,10,9,2,7,8,5,6,1
56,10,5,12,6,1,11,4,7,3,2,9,8
74,6,7,1,10,2,12,4,3,11,8,5,9
18,7,12,1,8,5,9,10,11,6,2,4,3
51,12,3,8,4,10,6,7,2,5,1,11,9
0,3,8,7,11,6,9,12,4,1,10,5,2
78,6,2,8,3,9,12,10,1,7,5,4,11
14,12,5,7,11,10,3,2,4,8,9,6,1
54,9,12,11,7,3,10,5,8,2,6,4,1
100,9,12,2,3,7,4,1,5,8,6,10,11
71,7,11,5,3,8,1,9,12,6,4,10,2
22,7,5,1,11,8,10,4,9,6,12,3,2
37,5,4,11,8,7,3,9,10,6,1,2,12
44,11,7,8,2,4,3,10,1,9,6,5,12
75,1,7,3,4,8,9,6,5,12,11,10,2
25,9,7,6,3,12,10,8,11,1,2,4,5
15,7,2,3,11,8,4,1,5,10,12,9,6
74,7,3,1,8,6,12,4,9,5,11,2,10
94,5,11,3,10,6,2,12,9,1,7,8,4
84,8,5,10,1,6,7,9,4,11,2,12,3
19,6,11,12,1,4,7,5,10,3,2,8,9
99,3,5,1,7,12,11,2,8,9,10,6,4
99,6,10,12,1,2,5,7,3,9,4,8,11
75,4,7,5,1,2,3,6,9,12,8,11,10
94,12,5,1,10,3,11,4,6,8,2,9,7
73,10,11,7,12,6,1,2,8,9,3,5,4
50,11,6,12,10,5,4,3,1,8,9,7,2
8,1,10,7,5,6,11,4,12,2,8,9,3
69,2,10,8,4,6,5,11,7,3,9,12,1
16,9,7,2,11,1,4,10,3,6,8,5,12
0,9,7,4,2,3,11,6,1,8,10,12,5
67,5,3,7,4,2,8,12,1,11,6,9,10
47,3,2,7,6,4,5,8,10,12,9,1,11
10,10,1,8,11,4,3,6,5,12,2,7,9
63,9,6,8,7,3,1,10,12,11,2,4,5
14,12,2,1,9,7,6,3,8,11,5,10,4
31,4,12,5,6,2,1,8,7,9,10,3,11
44,3,4,8,5,2,9,1,7,10,12,6,11
21,8,1,12,7,2,3,11,10,5,9,6,4
3,5,7,1,3,9,10,2,8,12,6,11,4
34,3,6,5,2,4,7,12,10,1,8,11,9
55,12,9,5,7,11,1,6,2,10,4,3,8
94,12,10,11,7,9,6,8,1,5,2,3,4
61,1,12,2,10,3,7,8,11,9,5,4,6
74,2,1,4,10,5,12,11,9,3,8,7,6
30,7,11,2,5,4,8,1,3,6,9,10,12
6,7,6,11,9,1,2,4,10,8,12,5,3
5,5,10,12,4,2,9,3,1,7,11,6,8
20,3,7,8,1,11,5,2,10,12,9,6,4
55,2,11,4,3,1,10,12,5,9,6,8,7
56,2,5,12,8,7,9,6,11,10,1,3,4
17,9,2,5,1,3,10,4,7,8,6,11,12
35,1,4,11,2,6,5,12,9,8,7,10,3
89,1,8,6,3,7,5,4,10,9,11,12,2
48,10,7,11,1,3,9,8,5,12,2,6,4
96,9,8,7,11,4,6,1,2,12,10,5,3
76,8,10,9,6,4,11,3,5,7,12,1,2
86,7,11,5,6,2,1,10,9,12,4,3,8
89,5,7,11,10,1,8,9,6,3,2,12,4
82,7,11,9,6,8,12,2,3,5,10,1,4
52,10,4,8,5,3,11,12,9,1,2,7,6
30,5,1,3,10,7,6,4,8,12,2,11,9
82,3,4,2,8,12,6,1,5,9,7,11,10
2,5,2,9,11,10,4,3,7,12,6,8,1
44,2,6,5,8,3,11,9,10,7,4,1,12
49,7,10,9,2,11,5,12,3,1,6,8,4
89,1,3,6,10,5,8,12,11,2,4,9,7
53,4,9,8,12,1,11,5,6,7,2,3,10
76,1,3,4,11,8,5,10,2,12,6,7,9
44,10,1,9,11,7,5,2,8,3,12,6,4
32,3,7,10,9,12,2,8,1,6,11,5,4
28,5,9,10,12,7,6,11,4,2,3,8,1
42,2,10,1,11,3,12,9,8,4,5,6,7
94,9,1,7,10,3,4,2,6,5,11,8,12
82,6,3,9,4,1,10,5,12,2,11,7,8
45,6,7,10,2,11,8,5,9,4,1,12,3
80,6,2,7,8,1,4,3,11,9,10,5,12
20,2,6,10,3,7,4,1,9,12,5,11,8
25,4,12,8,10,7,3,11,5,6,1,2,9
65,3,2,7,12,9,1,8,10,5,4,6,11
21,6,1,9,10,11,4,8,5,2,7,3,12
47,9,6,4,2,1,3,11,10,5,7,12,8
40,10,3,11,12,7,5,4,8,9,6,1,2
59,6,3,7,10,12,9,8,2,1,11,5,4
35,12,2,3,8,9,6,5,11,1,4,7,10
82,3,2,12,8,5,6,1,9,4,7,11,10
17,1,12,10,6,5,3,7,11,2,8,4,9
83,7,4,11,3,8,6,12,9,2,5,1,10
85,3,11,9,8,1,6,10,12,2,7,5,4
71,5,6,2,7,8,12,4,10,9,11,1,3
47,8,5,4,2,7,9,12,11,3,1,6,10
69,10,2,8,11,12,5,6,3,1,7,9,4
88,11,5,12,7,2,3,8,9,10,4,1,6
87,3,6,11,4,1,8,9,12,7,2,10,5
36,3,8,1,7,11,5,4,2,10,12,9,6
91,4,7,8,11,9,2,1,12,10,6,3,5
14,3,6,1,2,5,7,12,11,10,8,4,9
65,3,11,6,1,8,9,10,2,5,7,4,12
97,5,9,12,6,3,4,8,11,2,1,7,10
4,2,12,4,10,7,8,1,3,9,5,11,6
32,2,8,6,4,9,1,5,7,3,11,10,12
33,9,12,6,2,7,8,10,11,5,3,1,4
43,10,6,4,1,5,7,8,3,9,2,11,12
26,2,8,3,9,1,4,7,11,5,6,12,10
92,8,6,7,5,9,2,11,12,3,4,1,10
11,2,10,5,3,12,6,4,11,9,7,1,8
77,8,10,12,3,1,7,4,5,9,2,11,6
69,8,5,3,9,12,6,1,11,2,7,10,4
25,4,10,3,7,9,8,6,11,1,5,2,12
16,7,11,5,1,12,10,8,3,4,2,6,9
6,6,9,2,7,8,10,12,5,11,4,3,1
96,1,10,6,3,11,4,12,8,9,7,2,5
24,8,3,4,2,10,12,11,6,9,1,5,7
25,7,3,11,2,9,10,6,1,4,12,5,8
77,12,11,8,6,2,1,4,7,10,9,3,5
40,9,6,2,8,11,12,1,10,7,3,5,4
66,9,8,3,4,5,7,2,6,12,10,1,11
28,7,4,5,8,6,3,9,11,10,2,12,1
8,7,9,1,5,2,6,12,3,4,10,8,11
40,5,9,1,12,8,7,3,10,4,11,6,2
92,5,12,7,4,6,8,10,2,1,11,3,9
41,6,3,7,5,8,4,9,12,1,11,10,2
10,11,4,8,7,9,3,6,10,1,2,12,5
61,9,11,8,12,4,7,2,10,5,6,3,1
11,1,8,2,5,7,11,9,3,4,12,6,10
92,9,6,4,7,5,11,2,12,10,8,3,1
32,11,4,5,2,6,7,9,3,10,12,8,1
35,7,12,3,11,9,4,2,8,10,1,5,6
87,2,3,12,4,1,11,5,6,9,8,7,10
56,6,3,10,9,11,7,12,8,1,2,5,4
16,7,9,1,11,2,12,5,8,3,4,6,10
92,1,10,11,8,7,12,4,2,3,9,5,6
6,12,2,8,11,4,3,10,1,9,5,6,7
79,5,10,6,9,4,12,3,1,8,7,11,2
16,3,4,9,7,5,8,2,11,10,1,12,6
48,2,5,7,11,12,4,8,9,1,3,6,10
32,4,10,3,9,12,11,7,1,8,5,2,6
68,6,7,11,2,9,4,10,5,3,1,8,12
50,8,5,11,3,6,4,7,1,9,10,12,2
26,9,3,7,5,1,2,10,8,12,4,11,6
55,6,4,2,1,3,11,10,8,9,5,7,12
27,3,4,5,12,11,7,6,9,1,8,10,2
28,5,8,10,6,4,12,1,3,11,7,9,2
92,6,12,4,7,5,8,11,9,10,1,2,3
28,8,9,4,10,1,12,2,6,7,5,3,11
43,11,1,8,6,7,2,5,9,3,4,10,12
39,7,5,9,4,12,6,3,1,11,2,8,10
76,1,11,6,10,12,2,9,3,7,8,5,4
34,6,4,1,5,2,9,8,10,11,7,12,3
3,8,9,2,7,10,6,4,3,1,12,5,11
40,6,10,1,7,12,4,5,9,11,3,8,2
62,7,6,10,4,9,8,2,12,3,1,5,11
86,9,11,6,2,10,4,1,3,5,7,8,12
84,4,6,9,10,5,3,11,7,1,12,2,8
54,3,9,1,8,10,11,4,7,2,12,6,5
37,4,2,8,12,10,9,7,5,3,1,6,11
61,10,7,12,8,6,9,4,5,11,3,2,1
65,9,10,1,7,2,8,5,4,3,6,12,11
12,12,2,4,6,3,11,7,5,1,9,8,10
26,4,10,7,5,8,1,11,3,12,2,9,6
83,4,3,11,1,7,9,5,2,6,12,8,10
5,11,2,6,1,5,12,4,3,10,8,9,7
31,1,3,2,5,7,4,12,11,8,10,9,6
17,3,10,6,11,1,7,12,4,8,2,9,5
55,12,7,9,6,2,1,5,10,11,3,4,8
54,6,10,8,1,12,4,5,7,11,3,9,2
66,7,3,8,12,6,5,4,9,10,11,1,2
58,2,3,4,11,10,5,8,9,6,1,7,12
73,10,9,4,11,7,3,1,6,2,5,12,8
55,6,2,8,10,3,4,7,1,11,5,9,12
62,2,3,7,5,12,1,8,6,11,9,4,10
68,5,1,8,11,12,7,3,10,4,2,6,9
52,7,12,8,1,2,4,5,11,6,3,9,10
97,3,2,4,8,9,11,12,7,1,5,6,10
6,10,9,6,12,3,1,4,8,7,2,5,11
82,11,12,7,10,3,4,8,2,6,9,5,1
63,4,9,12,10,5,6,1,11,8,7,3,2
19,6,2,7,4,10,3,9,11,8,1,5,12
28,7,9,5,11,10,2,8,6,1,3,12,4
56,6,7,5,12,3,8,11,10,9,4,2,1