10
1,a
2,b
3,c
4,d
5,e
6,f
7,g
8,h
9,i
10,j
150263,150263,1000
84,8,9,5,7,6,4,2,3,10,1
224,3,6,5,8,2,7,4,10,1,9
147,8,6,5,7,1,2,4,3,9,10
1,5,7,4,8,1,6,3,2,10,9
174,6,3,10,2,4,9,7,8,5,1
15,8,9,10,2,7,1,6,3,4,5
195,10,3,5,7,4,8,1,6,9,2
17,5,8,10,7,4,9,2,1,6,3
136,5,10,2,6,8,1,7,9,4,3
146,5,9,1,3,4,8,2,10,6,7
46,10,5,2,1,4,9,7,3,8,6
108,5,10,6,3,7,8,2,4,1,9
267,1,10,4,6,2,7,3,9,5,8
35,6,8,1,9,5,3,4,10,7,2
144,1,10,8,6,9,7,2,5,4,3
96,4,5,1,3,2,9,7,8,6,10
110,8,1,5,6,9,4,7,10,3,2
90,4,9,7,10,5,8,3,1,2,6
92,3,9,4,8,5,6,10,2,7,1
267,2,3,7,10,6,4,5,9,8,1
15,3,5,1,4,8,10,9,6,2,7
233,3,4,5,1,10,9,8,7,2,6
91,8,1,10,3,5,4,6,2,9,7
10,4,2,6,7,10,8,5,9,3,1
260,10,4,7,8,5,6,1,3,2,9
193,4,3,2,8,7,9,10,5,6,1
292,8,4,1,3,9,7,6,10,5,2
12,4,1,6,5,8,3,2,10,7,9
118,5,4,6,2,7,1,9,8,10,3
52,1,8,4,9,6,10,2,7,3,5
46,9,1,4,3,8,5,10,7,6,2
138,7,10,5,6,3,8,2,9,1,4
57,3,5,8,1,9,10,7,2,6,4
5,7,2,3,5,1,10,9,6,4,8
214,10,7,1,2,6,8,9,4,5,3
95,2,10,5,4,8,6,3,7,9,1
29,4,8,3,10,5,1,6,2,9,7
10,8,1,7,10,9,3,5,2,4,6
46,10,4,2,8,3,1,9,6,7,5
250,7,5,3,6,8,1,10,9,4,2
7,7,4,6,1,2,3,9,10,5,8
77,10,3,6,9,1,5,2,4,8,7
69,6,10,9,4,8,3,2,7,1,5
215,10,4,6,7,1,8,3,9,5,2
38,10,1,7,2,3,9,4,8,5,6
238,7,8,5,9,4,2,1,10,6,3
253,4,9,2,1,7,6,8,5,3,10
4,9,2,1,7,8,4,3,5,10,6
238,9,7,6,4,2,1,5,3,8,10
144,5,1,7,8,2,9,10,6,4,3
168,3,6,8,2,9,5,10,1,4,7
47,8,3,5,4,9,7,6,2,1,10
43,1,8,2,9,5,3,7,10,6,4
109,1,6,3,9,4,7,2,5,8,10
186,6,2,8,10,1,4,3,5,9,7
77,9,7,8,1,4,6,3,10,5,2
283,10,8,9,7,4,5,3,2,1,6
161,10,5,2,4,3,6,7,8,1,9
137,6,5,2,4,8,7,3,10,9,1
199,2,7,8,5,3,4,1,10,6,9
158,5,6,3,8,7,10,4,2,9,1
276,1,2,3,4,6,5,7,8,10,9
130,9,4,5,1,3,10,8,6,2,7
61,5,4,1,7,8,3,9,2,10,6
184,5,2,4,8,10,1,6,3,7,9
258,9,5,2,6,10,1,4,7,3,8
68,8,3,9,6,5,4,2,10,1,7
172,3,6,5,1,7,10,4,9,8,2
32,5,9,3,7,4,10,8,2,1,6
96,2,1,5,9,7,4,10,6,8,3
146,4,9,5,1,10,3,6,2,7,8
149,7,3,5,1,8,2,9,10,6,4
136,9,2,6,1,3,8,4,7,10,5
63,6,4,1,2,5,3,10,9,7,8
155,2,8,5,3,1,7,4,6,9,10
170,1,3,9,10,7,8,2,5,6,4
83,8,7,5,9,1,4,10,3,2,6
195,6,7,10,2,5,9,3,1,8,4
198,3,9,6,4,10,8,1,7,2,5
232,3,5,2,10,4,1,9,7,8,6
281,3,8,9,7,1,10,5,4,6,2
126,7,2,10,9,1,5,6,8,3,4
35,9,1,10,8,6,2,3,7,4,5
135,4,2,7,9,5,8,10,1,6,3
167,8,5,9,4,6,2,10,3,1,7
173,9,6,10,2,8,5,3,1,4,7
279,7,6,4,10,1,5,3,2,8,9
128,8,1,4,9,6,3,2,5,10,7
22,6,8,4,2,9,10,3,7,1,5
59,8,5,1,4,10,6,3,2,7,9
270,10,3,8,9,4,5,6,2,7,1
265,6,10,1,7,8,2,5,9,3,4
79,1,3,10,5,2,8,9,7,6,4
297,1,5,6,4,9,10,3,2,7,8
8,8,3,6,2,7,5,9,4,1,10
291,1,8,9,2,6,4,10,7,5,3
100,6,3,9,4,10,2,7,1,5,8
259,1,5,8,4,2,6,10,7,9,3
217,8,9,3,7,6,10,4,5,2,1
80,9,3,4,6,8,1,10,2,5,7
154,10,8,6,1,7,9,5,2,4,3
175,9,2,5,7,4,1,6,3,10,8
199,5,10,1,4,6,7,3,8,9,2
156,10,9,4,2,6,1,3,8,5,7
231,9,7,10,8,3,2,6,4,5,1
227,9,4,10,5,7,2,8,6,3,1
205,7,9,3,10,4,2,5,8,6,1
114,1,8,2,5,9,7,6,3,4,10
288,6,1,4,10,5,3,8,7,9,2
168,10,6,8,1,5,7,3,4,2,9
42,3,9,5,7,4,2,1,8,10,6
82,2,4,1,8,3,10,5,9,7,6
189,5,3,8,7,9,6,2,4,1,10
267,5,9,8,3,2,4,10,6,7,1
208,1,4,9,5,8,7,2,3,6,10
80,9,2,6,3,10,8,5,1,7,4
143,7,8,9,1,3,6,4,10,5,2
7,7,10,4,5,1,9,6,3,8,2
94,6,4,10,8,3,7,5,1,9,2
145,8,7,10,2,3,6,9,1,4,5
53,7,5,1,2,9,3,10,6,4,8
280,7,5,4,10,2,6,9,8,3,1
256,9,1,7,2,10,5,3,6,8,4
30,8,3,6,7,5,1,10,9,2,4
16,7,2,4,10,1,3,9,6,8,5
7,6,8,9,1,10,2,4,5,7,3
54,2,9,7,8,3,1,5,10,4,6
33,4,9,3,5,1,6,10,2,8,7
232,9,8,1,7,2,10,6,4,3,5
48,3,1,8,4,5,9,6,2,10,7
150,7,1,5,8,6,9,3,4,10,2
210,7,3,8,5,9,6,1,4,10,2
109,5,10,1,4,7,2,3,9,8,6
219,1,4,7,9,5,8,3,6,2,10
46,8,4,6,5,2,7,1,3,9,10
3,4,6,1,5,7,10,2,3,9,8
281,8,3,10,5,6,7,9,1,4,2
269,9,8,5,7,4,6,10,2,1,3
119,7,3,1,5,10,6,4,2,8,9
38,6,2,10,5,7,9,8,1,4,3
41,10,5,9,6,2,1,8,4,3,7
213,3,4,8,1,5,7,2,10,9,6
260,2,6,9,7,3,4,10,5,8,1
141,3,10,4,1,9,8,5,6,2,7
34,5,8,6,2,3,4,1,7,10,9
184,10,9,7,4,3,2,5,8,1,6
289,9,10,8,6,3,5,2,7,4,1
113,5,10,1,7,8,3,9,2,4,6
14,3,7,10,8,9,6,4,1,5,2
189,4,8,6,10,5,3,9,1,2,7
7,5,8,3,6,10,1,2,7,4,9
199,7,9,4,3,5,1,6,10,8,2
123,9,7,6,10,2,8,1,5,3,4
123,5,4,9,6,7,10,1,8,3,2
184,5,1,7,3,8,6,4,9,2,10
159,8,3,2,4,7,5,6,9,1,10
27,3,5,6,10,7,8,9,2,4,1
159,4,5,2,7,1,3,10,9,8,6
59,1,2,10,7,4,3,5,8,6,9
245,3,6,7,1,8,2,10,9,4,5
294,1,7,3,4,9,8,6,2,10,5
298,7,3,1,8,9,4,5,10,2,6
112,6,1,3,9,2,4,5,8,10,7
87,2,7,1,8,5,3,10,6,4,9
171,1,8,2,9,7,6,5,3,10,4
184,7,3,6,9,1,10,8,5,2,4
103,7,10,1,3,6,2,8,9,5,4
5,9,3,4,6,10,2,7,1,5,8
114,10,1,5,6,2,8,3,9,7,4
111,4,6,9,5,1,7,8,3,10,2
126,1,10,3,9,4,7,2,5,8,6
200,1,8,5,7,3,2,4,6,10,9
155,2,5,3,8,7,6,4,10,9,1
21,8,6,9,2,10,1,5,4,7,3
191,4,6,8,2,7,5,1,10,3,9
13,6,7,8,5,2,4,1,10,9,3
113,7,3,5,1,9,10,6,4,8,2
284,1,5,7,2,9,6,8,10,3,4
215,4,5,7,2,9,6,1,8,10,3
1,8,2,7,9,3,10,5,4,6,1
1,8,6,9,5,2,10,1,7,3,4
40,9,5,8,10,6,1,3,2,7,4
69,3,8,2,7,4,5,6,10,9,1
111,10,9,8,6,1,4,2,5,3,7
195,5,7,3,2,6,4,8,1,9,10
229,2,3,1,4,10,6,5,7,8,9
62,10,1,7,5,4,3,6,8,9,2
170,5,6,4,7,9,1,10,2,3,8
223,2,4,10,9,7,8,1,5,6,3
8,9,1,5,10,6,3,4,2,7,8
168,7,1,5,3,6,10,8,4,9,2
66,9,10,8,6,4,3,1,7,2,5
213,2,7,5,6,4,1,9,3,10,8
181,6,9,8,2,10,4,3,1,5,7
204,5,3,8,6,10,1,2,9,4,7
102,9,5,8,4,3,1,2,7,6,10
147,1,9,5,8,7,2,3,6,10,4
135,6,8,1,5,3,4,2,10,9,7
117,7,4,5,6,9,1,8,2,3,10
89,5,6,4,10,7,3,8,2,9,1
84,3,9,2,7,5,4,10,8,1,6
122,3,9,6,5,2,10,4,8,1,7
248,4,10,1,9,2,6,3,8,5,7
38,6,8,2,3,10,5,7,1,9,4
40,6,7,9,8,10,1,4,3,2,5
157,5,4,3,2,6,10,8,7,9,1
122,7,5,3,10,9,1,2,4,6,8
56,2,8,6,9,7,10,3,5,4,1
87,5,9,6,3,2,8,1,10,4,7
295,6,5,2,8,10,3,7,9,4,1
130,8,10,3,6,2,1,7,9,5,4
263,10,3,6,9,5,2,4,8,1,7
117,3,9,5,7,6,10,8,2,4,1
15,6,9,4,8,7,5,2,10,1,3
12,9,1,6,10,4,3,2,8,7,5
163,9,8,4,2,5,10,1,7,6,3
19,3,5,10,2,7,4,9,8,1,6
264,3,2,10,5,7,9,1,6,4,8
95,1,10,7,9,8,2,6,4,3,5
216,8,7,2,3,4,1,9,5,6,10
21,7,9,2,4,3,10,8,6,1,5
254,5,6,10,2,4,3,9,8,7,1
243,3,1,10,7,6,8,2,4,5,9
282,6,1,5,8,9,10,2,3,7,4
264,8,2,5,9,3,4,10,6,7,1
204,2,9,8,1,10,3,5,7,4,6
207,9,5,1,3,4,8,7,10,6,2
282,1,2,3,5,4,7,9,8,10,6
59,6,8,4,7,5,1,10,3,9,2
97,7,10,2,5,3,6,4,8,1,9
229,3,9,1,5,10,7,8,4,2,6
290,9,10,5,4,8,6,1,7,3,2
126,6,8,4,9,1,5,3,2,7,10
84,1,5,10,3,7,9,6,8,4,2
59,6,10,2,9,5,8,1,3,4,7
283,10,6,1,5,2,7,3,9,4,8
48,9,10,6,7,3,8,2,5,1,4
126,5,4,9,1,3,10,8,2,6,7
147,3,8,6,10,7,2,5,1,9,4
90,10,6,3,1,7,4,2,5,8,9
53,7,9,10,4,1,3,5,8,6,2
232,7,8,6,2,10,5,1,9,4,3
170,2,5,4,9,10,3,6,1,8,7
83,2,1,9,6,7,10,5,8,3,4
117,2,10,3,8,9,6,5,1,4,7
9,1,2,10,8,7,4,9,5,6,3
64,7,9,3,2,1,6,8,5,4,10
257,8,2,1,10,5,4,6,3,9,7
85,8,4,9,5,1,10,2,3,7,6
116,2,9,4,6,8,5,10,1,3,7
20,3,1,6,4,7,5,9,2,8,10
246,5,7,3,6,2,4,10,9,1,8
30,8,10,4,3,9,2,5,6,7,1
36,1,6,7,3,10,2,8,9,4,5
236,10,5,8,1,9,6,7,3,2,4
127,10,7,9,1,5,4,8,3,6,2
207,2,8,6,9,10,5,4,7,1,3
2,10,7,6,9,1,4,2,3,8,5
31,9,10,2,4,3,6,5,8,7,1
209,10,7,3,2,5,9,4,6,1,8
243,5,10,8,6,2,7,4,3,1,9
287,8,7,9,6,10,1,3,4,5,2
65,6,2,3,9,4,5,1,7,10,8
112,4,5,1,2,9,7,10,6,8,3
239,6,7,10,2,9,3,4,5,8,1
234,2,10,9,4,3,6,8,7,5,1
131,7,2,1,8,3,9,10,6,4,5
223,10,2,9,1,7,6,5,3,8,4
296,10,1,9,5,8,2,4,6,3,7
48,9,6,4,8,5,2,1,7,3,10
175,9,7,2,10,3,4,1,8,6,5
74,9,1,10,3,6,4,5,2,8,7
17,3,8,7,2,4,10,6,9,1,5
298,9,7,4,1,8,5,3,10,6,2
94,1,9,8,6,7,10,4,2,5,3
27,3,8,1,9,2,5,6,4,10,7
235,10,4,1,3,6,9,7,8,2,5
177,1,4,3,8,2,7,9,10,6,5
158,3,2,9,7,10,4,6,5,1,8
122,3,6,2,8,9,10,4,1,5,7
268,3,6,1,2,7,8,10,9,5,4
132,9,6,10,8,1,2,4,5,7,3
23,2,4,10,7,3,6,1,8,5,9
75,3,8,9,2,7,4,5,6,10,1
126,2,10,4,8,1,5,3,7,6,9
15,3,2,9,6,10,7,1,8,5,4
180,10,5,6,8,7,1,4,9,3,2
83,1,2,3,10,6,9,8,7,4,5
139,5,1,8,3,6,7,2,4,10,9
199,1,7,2,5,6,8,4,9,10,3
205,8,1,6,2,5,4,3,9,7,10
125,4,3,7,2,6,9,1,10,8,5
193,3,7,2,5,10,4,8,6,1,9
98,2,1,9,3,10,7,6,5,8,4
51,1,5,9,3,4,10,6,7,2,8
260,2,4,5,6,3,9,10,1,8,7
77,7,6,10,5,2,8,3,1,9,4
209,8,2,5,9,4,7,1,3,6,10
7,5,2,1,9,3,6,10,4,7,8
3,3,1,6,4,8,2,10,9,7,5
150,3,8,4,5,6,10,7,9,2,1
242,4,2,3,5,9,1,6,8,10,7
263,7,4,2,10,8,9,6,5,1,3
195,8,4,9,1,5,7,6,3,2,10
218,1,5,6,4,7,9,2,3,8,10
271,2,9,6,3,4,10,5,1,7,8
294,8,5,1,10,4,3,7,2,9,6
171,3,8,4,9,5,1,10,7,2,6
86,9,2,10,6,5,4,3,1,7,8
298,3,4,7,5,1,6,2,9,8,10
18,5,9,4,10,3,7,8,6,2,1
276,8,10,3,6,4,9,5,1,2,7
171,7,4,3,1,8,6,5,2,10,9
153,3,6,4,7,8,9,1,2,5,10
81,1,10,3,2,8,6,4,5,7,9
70,3,7,5,6,10,9,4,1,8,2
210,1,10,3,6,9,2,7,4,5,8
33,8,4,10,3,1,2,9,6,7,5
120,8,1,9,6,3,2,10,5,4,7
276,1,5,6,7,2,3,9,8,4,10
137,9,3,7,1,5,4,10,2,8,6
202,1,9,3,5,10,8,4,2,7,6
0,9,3,10,5,4,8,1,2,6,7
139,1,3,2,10,5,7,8,9,4,6
230,4,5,10,7,2,1,6,9,8,3
79,7,8,1,2,4,5,3,10,9,6
280,4,9,1,7,3,10,2,5,8,6
208,2,5,8,9,1,4,3,6,10,7
59,6,10,1,4,7,2,9,3,5,8
7,1,7,8,6,2,4,3,5,10,9
80,1,4,7,10,2,3,5,6,8,9
77,8,3,6,9,7,4,5,10,1,2
257,8,4,1,5,9,3,7,2,6,10
161,4,1,5,7,3,10,8,2,9,6
210,3,8,4,9,5,6,10,7,1,2
142,8,9,1,6,2,5,3,4,10,7
40,5,7,1,10,2,8,3,6,4,9
157,3,5,6,2,1,10,7,4,9,8
282,2,7,8,3,1,10,6,5,4,9
141,8,1,5,7,6,10,9,4,3,2
246,3,7,9,4,1,10,6,8,2,5
198,3,5,6,8,2,10,7,1,4,9
42,5,8,10,9,6,7,2,3,1,4
78,4,8,10,9,7,2,6,5,1,3
230,2,8,5,3,10,1,4,6,9,7
249,3,5,2,10,9,7,4,8,1,6
228,8,2,7,9,6,5,10,4,1,3
190,2,8,9,10,4,6,3,5,7,1
93,1,7,9,5,3,6,4,10,2,8
19,5,7,2,3,10,9,4,8,6,1
224,6,9,7,4,8,1,2,10,3,5
18,6,7,3,1,2,10,4,9,8,5
260,10,5,6,4,1,2,9,8,3,7
6,8,7,6,2,9,3,5,4,10,1
210,6,2,7,4,8,1,3,5,10,9
25,10,3,1,6,7,9,8,2,5,4
288,10,7,1,9,4,8,5,2,3,6
15,6,10,4,7,3,1,9,5,2,8
122,8,3,7,5,10,2,1,9,6,4
199,8,1,5,7,9,3,6,4,2,10
125,8,3,7,5,10,2,4,6,1,9
300,9,6,2,8,5,4,1,7,10,3
290,10,5,8,1,4,7,2,9,6,3
293,10,4,3,7,8,6,9,5,1,2
103,9,8,5,4,3,6,7,2,10,1
84,6,1,5,10,2,4,7,8,9,3
23,9,10,1,6,8,4,3,5,2,7
300,7,8,1,5,2,10,9,4,6,3
206,8,6,4,5,3,10,9,7,2,1
231,3,8,5,2,6,4,1,7,9,10
176,8,5,3,2,1,7,6,10,4,9
34,5,1,10,3,2,8,4,7,9,6
221,5,8,4,1,3,10,2,9,6,7
54,7,9,2,8,5,4,10,3,6,1
145,4,6,10,8,7,1,9,5,3,2
284,10,3,5,4,7,8,6,2,9,1
268,9,10,7,5,4,2,6,8,1,3
149,7,9,8,10,2,4,1,3,5,6
34,5,1,3,7,4,9,10,8,6,2
136,3,6,10,4,5,9,8,2,1,7
283,3,9,10,7,5,4,1,6,8,2
283,3,8,6,5,10,2,4,9,7,1
38,8,3,7,10,6,5,2,1,4,9
274,2,8,10,9,3,4,7,5,6,1
113,10,1,2,4,9,7,6,8,3,5
98,10,4,6,3,2,5,9,7,1,8
193,9,7,8,2,10,4,3,6,1,5
121,8,4,3,9,10,5,6,2,7,1
210,3,4,2,10,5,1,6,7,9,8
84,2,1,7,3,10,9,8,4,5,6
98,2,9,5,8,7,1,6,3,4,10
31,9,10,5,3,1,4,6,8,2,7
115,10,6,2,4,3,7,9,8,5,1
207,3,5,6,4,9,10,1,8,2,7
106,2,4,3,6,10,8,9,1,7,5
67,4,1,5,9,10,7,2,6,3,8
247,7,4,3,6,8,9,10,2,5,1
32,8,2,9,3,7,5,10,6,4,1
234,7,9,4,8,10,2,3,5,1,6
84,2,6,8,10,1,7,3,4,9,5
219,10,1,4,5,3,6,7,9,2,8
165,10,2,3,4,1,8,9,5,6,7
33,5,2,6,3,8,9,7,10,1,4
19,5,7,3,1,9,10,2,6,4,8
281,4,3,1,5,2,8,7,10,9,6
225,6,7,1,9,8,4,2,10,5,3
159,2,7,3,1,10,5,8,4,6,9
68,8,3,6,2,1,5,7,10,4,9
221,2,7,8,6,3,1,5,4,9,10
156,2,5,8,9,3,6,4,7,1,10
72,8,3,5,4,2,1,9,7,10,6
197,5,1,3,10,4,6,9,2,8,7
283,2,4,9,6,7,5,10,1,8,3
274,2,4,5,6,8,9,7,1,10,3
194,2,8,1,10,3,9,4,6,7,5
300,2,3,6,1,7,8,9,5,10,4
28,8,10,2,1,5,4,6,9,3,7
115,2,6,10,5,7,3,1,8,9,4
208,2,4,3,10,8,7,6,9,1,5
274,3,4,6,10,5,9,2,8,7,1
44,10,6,7,8,4,9,2,1,3,5
279,3,1,6,4,10,5,2,7,9,8
0,8,1,6,5,2,7,3,9,10,4
168,3,1,10,5,4,9,7,2,8,6
98,2,4,3,10,8,9,5,1,7,6
137,6,8,3,2,4,7,1,9,10,5
240,6,1,2,8,4,5,10,3,7,9
49,9,1,5,3,7,10,4,8,2,6
181,7,3,6,1,4,5,9,8,10,2
70,3,6,2,5,7,4,8,9,1,10
288,8,2,5,3,10,7,6,9,1,4
173,5,9,3,8,6,1,4,10,2,7
292,1,3,7,5,8,4,2,9,10,6
173,7,10,1,8,2,6,5,3,9,4
284,1,8,6,2,3,5,4,9,10,7
141,8,5,1,6,10,3,4,2,9,7
104,6,4,10,1,7,5,2,8,3,9
257,7,8,10,3,1,9,6,5,4,2
288,6,7,5,10,2,8,4,1,3,9
299,2,8,10,4,6,1,9,5,7,3
277,7,2,9,8,3,5,10,6,4,1
109,2,6,7,3,10,1,5,8,4,9
297,8,1,3,4,10,5,2,7,9,6
122,3,4,5,9,1,2,6,10,7,8
207,8,10,6,1,5,9,3,7,4,2
30,6,1,5,2,4,10,8,9,3,7
261,8,3,10,9,1,7,2,6,4,5
21,3,5,1,9,8,2,7,4,10,6
24,7,2,10,3,1,8,9,6,5,4
93,10,7,1,6,5,8,9,2,3,4
217,6,8,1,3,2,7,4,10,5,9
178,10,2,4,1,8,7,6,5,3,9
188,2,7,5,10,9,4,6,8,1,3
4,10,5,3,8,9,4,7,1,6,2
33,6,5,1,3,9,2,4,10,8,7
8,2,9,10,5,4,7,8,6,3,1
80,1,2,3,7,9,10,8,6,4,5
115,3,2,9,5,1,8,7,10,4,6
221,6,4,3,2,7,10,9,1,5,8
84,9,3,10,1,8,7,5,6,4,2
1,1,6,10,3,5,2,7,9,4,8
176,8,10,4,1,7,3,9,2,6,5
300,6,2,4,9,5,7,8,1,3,10
35,7,6,9,10,1,3,4,5,2,8
187,9,8,1,10,7,4,3,5,2,6
174,5,3,1,7,9,8,4,10,2,6
134,4,1,3,2,5,10,7,9,8,6
58,8,2,1,4,5,9,10,6,3,7
162,10,4,5,6,8,3,9,2,7,1
18,4,2,5,9,6,7,8,1,3,10
87,8,6,10,5,2,3,4,9,1,7
61,9,4,2,7,1,6,8,3,5,10
77,6,8,5,7,3,4,9,2,1,10
82,7,4,1,5,8,2,10,6,9,3
201,3,10,4,7,8,5,1,2,6,9
244,2,8,10,4,6,7,9,1,3,5
299,6,7,5,4,8,2,3,1,10,9
296,6,9,4,5,8,7,3,10,1,2
217,8,6,10,2,4,3,9,1,5,7
7,5,10,9,6,4,2,7,3,8,1
159,8,1,3,4,10,9,2,7,5,6
185,10,9,8,1,2,7,5,3,6,4
208,10,9,4,3,6,2,7,5,8,1
255,5,4,10,1,7,3,6,8,9,2
83,4,5,2,1,10,7,9,3,8,6
234,9,7,2,5,10,6,1,8,3,4
134,8,1,2,6,4,9,10,7,3,5
31,1,9,6,3,4,5,2,7,10,8
69,5,2,10,8,1,9,4,6,3,7
200,5,3,10,9,1,4,2,6,8,7
13,2,9,10,8,4,3,7,1,5,6
268,8,10,6,9,1,3,5,4,7,2
125,1,9,3,2,10,5,4,7,6,8
230,1,4,9,10,6,8,3,2,5,7
286,8,2,7,1,5,10,6,9,3,4
94,10,2,6,4,5,8,3,9,7,1
210,5,3,10,4,7,2,6,8,9,1
114,3,2,4,6,9,5,10,7,8,1
299,8,2,3,5,10,6,4,1,7,9
285,10,6,7,8,9,1,3,2,5,4
232,1,3,5,6,7,10,9,2,4,8
160,7,4,10,8,9,2,6,1,5,3
85,5,6,7,4,2,8,9,1,3,10
182,9,2,5,8,4,7,6,3,10,1
222,8,4,5,1,2,6,7,9,3,10
227,8,4,1,2,5,10,9,3,7,6
234,5,4,8,1,6,3,2,10,9,7
219,2,5,6,4,7,9,3,10,1,8
105,3,6,8,5,2,9,4,7,10,1
80,3,4,1,7,6,10,5,2,8,9
57,3,4,5,10,6,2,8,1,7,9
222,6,2,7,9,8,5,1,4,3,10
230,2,6,1,8,5,9,3,7,10,4
174,9,6,10,8,4,7,1,5,3,2
96,6,7,5,1,9,8,10,4,2,3
144,5,7,9,2,6,3,8,10,1,4
244,10,9,5,2,4,1,3,7,6,8
189,4,9,8,2,1,3,10,5,7,6
76,7,2,3,6,5,10,9,4,1,8
85,7,1,2,6,10,5,8,3,9,4
68,8,7,5,10,2,9,4,3,6,1
264,1,3,9,10,2,5,8,6,4,7
228,9,8,7,5,1,3,10,2,4,6
188,6,1,9,4,3,8,7,2,10,5
147,9,3,5,10,4,2,8,7,1,6
49,8,3,5,2,6,9,10,4,7,1
93,5,2,3,4,10,8,7,6,1,9
98,8,4,9,2,1,5,7,6,3,10
118,3,4,1,6,5,2,7,8,10,9
255,9,7,3,4,8,5,2,10,1,6
278,8,10,4,9,5,3,7,1,6,2
253,1,8,2,10,7,6,9,4,5,3
141,1,2,6,7,4,5,9,8,3,10
146,3,2,6,7,1,5,8,4,10,9
294,7,8,2,9,1,10,3,4,5,6
176,2,3,4,7,6,1,10,5,8,9
103,6,2,4,7,10,5,1,8,9,3
209,7,3,1,5,10,4,9,6,2,8
295,6,8,5,7,4,3,9,2,10,1
126,3,4,6,7,10,8,2,9,1,5
140,9,5,3,10,7,1,4,8,6,2
161,8,6,5,3,7,10,2,1,4,9
217,8,3,2,4,1,6,10,9,7,5
195,10,5,8,9,4,6,1,2,7,3
150,8,10,4,7,3,2,1,6,5,9
156,7,4,3,10,9,2,1,8,5,6
149,10,7,6,5,1,2,3,9,8,4
217,4,10,6,7,5,8,2,1,3,9
24,10,1,7,4,3,2,5,6,9,8
88,4,5,3,9,7,10,1,2,6,8
265,4,3,2,10,1,6,9,5,7,8
112,1,9,7,10,8,2,6,4,3,5
252,4,9,3,10,1,7,5,8,2,6
279,7,4,10,9,1,2,8,5,6,3
162,6,1,8,5,9,2,4,3,7,10
19,10,6,3,5,9,4,2,7,8,1
106,5,2,4,10,3,1,9,6,8,7
23,2,9,3,1,5,6,8,4,10,7
216,8,1,3,5,4,2,7,6,10,9
200,5,2,4,7,6,1,9,10,3,8
107,2,4,7,1,6,5,8,9,10,3
79,8,10,9,2,4,5,7,3,1,6
2,8,2,6,7,9,10,5,3,4,1
237,3,10,6,4,5,1,7,2,9,8
297,6,10,3,1,7,2,8,9,4,5
16,3,6,1,2,9,8,5,10,7,4
134,5,7,8,3,1,9,2,4,6,10
222,1,3,2,9,5,8,7,6,4,10
127,5,2,8,9,1,10,3,4,7,6
261,1,6,5,10,9,3,2,7,8,4
28,2,7,4,9,8,1,10,5,3,6
163,10,7,6,5,1,4,3,8,2,9
61,10,4,2,1,9,8,3,5,7,6
93,9,2,8,6,5,3,7,1,4,10
109,1,9,10,6,3,8,4,2,5,7
123,5,6,4,2,10,7,3,1,9,8
92,1,2,6,7,5,3,4,8,9,10
197,10,6,4,1,2,9,3,5,8,7
126,2,8,5,4,6,9,3,10,7,1
209,10,1,9,3,8,5,7,6,2,4
281,4,8,9,7,10,6,3,2,1,5
193,5,6,3,7,2,8,1,4,9,10
146,9,10,1,3,6,5,8,2,7,4
73,5,4,3,6,10,7,8,1,9,2
50,4,1,9,10,5,2,7,6,8,3
87,7,9,6,4,8,3,10,1,2,5
220,2,5,3,10,8,7,4,6,9,1
45,2,10,3,7,1,5,4,6,8,9
84,6,8,1,10,5,4,7,3,9,2
218,8,5,9,10,7,3,4,1,6,2
183,4,3,2,1,7,10,8,6,5,9
85,3,8,1,6,2,5,7,9,4,10
290,8,3,4,9,6,5,2,10,1,7
64,9,2,10,8,1,7,3,5,6,4
231,5,2,9,3,1,6,8,4,7,10
225,9,5,10,4,1,7,6,2,8,3
102,3,6,1,10,9,7,8,5,2,4
17,8,3,2,7,1,5,9,10,4,6
271,3,1,5,7,8,10,2,6,9,4
198,4,7,2,1,5,10,9,6,3,8
296,10,7,4,9,6,8,5,2,3,1
32,10,9,4,1,2,3,8,5,6,7
257,8,2,10,3,1,4,5,9,7,6
268,5,2,4,10,3,9,7,6,1,8
41,9,1,2,6,3,7,5,4,10,8
208,9,4,2,7,5,8,1,3,10,6
49,8,2,3,6,4,1,10,5,7,9
3,4,7,5,10,2,6,9,3,1,8
106,2,5,9,7,4,8,10,3,6,1
89,6,10,3,1,7,9,4,2,5,8
190,9,8,7,5,2,10,4,6,1,3
119,2,7,10,4,1,6,9,3,5,8
4,6,9,1,8,3,4,10,5,2,7
242,6,3,10,1,2,9,5,7,8,4
248,6,5,9,10,1,4,3,8,2,7
290,3,5,4,9,6,2,1,10,8,7
172,9,1,6,10,4,3,8,7,2,5
200,6,1,9,8,4,3,5,7,2,10
67,7,8,9,5,3,10,6,1,2,4
80,5,4,6,2,1,10,3,8,9,7
136,7,9,2,1,6,4,10,5,8,3
244,2,8,3,5,6,1,7,9,4,10
79,3,4,7,1,2,5,8,9,10,6
88,6,9,3,4,7,10,1,8,2,5
149,10,2,8,4,7,3,9,5,6,1
199,6,1,2,4,10,5,9,3,7,8
188,1,8,3,9,7,5,2,6,10,4
141,4,5,3,9,10,1,8,6,7,2
222,5,7,8,4,2,1,6,3,9,10
189,7,2,10,3,6,8,9,4,1,5
220,4,3,10,7,1,8,6,5,2,9
208,2,4,9,1,8,10,5,3,7,6
255,5,3,9,7,10,4,1,2,6,8
3,6,2,3,8,5,1,7,9,10,4
34,2,6,3,1,8,9,5,10,4,7
259,7,3,6,10,4,8,9,1,5,2
87,9,2,8,3,5,10,4,7,6,1
5,6,3,7,1,9,8,10,4,5,2
219,1,4,7,5,10,9,6,8,2,3
279,1,10,4,6,5,7,2,8,9,3
131,3,8,5,7,10,6,1,9,4,2
9,7,9,5,8,2,3,10,6,1,4
126,7,5,9,3,8,6,4,10,2,1
259,1,8,3,2,5,6,7,10,9,4
300,9,10,8,4,3,6,2,1,7,5
110,10,4,9,2,8,1,3,7,5,6
209,9,1,8,3,2,4,7,6,10,5
290,3,4,10,7,8,1,6,9,2,5
240,2,5,1,7,10,6,8,3,9,4
283,1,8,9,6,10,5,4,3,7,2
118,6,7,4,3,5,10,9,1,8,2
204,2,4,5,1,7,8,10,9,3,6
259,2,10,4,8,7,5,9,6,3,1
119,3,6,2,5,10,9,7,8,1,4
148,3,1,9,7,4,6,8,10,5,2
207,3,1,4,6,5,9,7,10,2,8
281,10,2,5,8,4,1,7,3,6,9
272,10,5,8,2,3,6,4,1,7,9
4,1,8,6,3,10,5,4,7,9,2
177,2,7,4,1,5,9,3,8,10,6
94,5,1,6,8,3,9,10,7,4,2
297,1,7,10,4,8,6,5,9,3,2
182,4,9,5,3,7,1,10,2,8,6
169,6,1,8,10,9,2,4,7,3,5
268,6,9,1,8,4,5,2,10,3,7
42,8,9,1,3,5,4,6,2,7,10
290,8,9,4,10,1,5,7,6,2,3
12,4,8,6,5,2,1,9,7,10,3
151,6,2,10,4,3,8,5,9,7,1
164,6,4,2,7,5,3,10,8,1,9
121,6,9,8,1,4,3,10,7,5,2
229,8,7,9,5,1,10,2,3,4,6
102,8,2,9,4,6,3,1,7,10,5
86,10,6,5,7,8,9,1,4,2,3
48,6,7,9,1,4,3,8,5,2,10
82,3,9,7,10,1,8,6,5,2,4
40,4,5,8,7,10,3,6,2,9,1
8,1,3,8,7,9,5,4,6,10,2
101,8,2,1,7,9,4,10,3,5,6
156,1,10,6,4,7,9,5,3,8,2
59,5,8,1,6,4,9,2,7,3,10
158,2,4,1,9,10,8,3,7,6,5
189,10,6,2,5,1,4,9,8,7,3
197,9,3,2,10,6,7,5,8,4,1
91,7,4,3,8,5,6,10,9,1,2
210,2,4,3,5,10,1,6,7,8,9
113,1,7,4,6,9,3,10,2,8,5
81,8,5,10,7,2,1,6,3,9,4
30,8,1,4,3,5,7,6,10,2,9
214,7,9,8,6,4,5,1,10,2,3
236,6,1,5,2,7,10,8,4,9,3
204,7,1,9,8,2,5,4,6,3,10
265,5,4,8,7,3,9,1,2,10,6
266,4,10,1,7,6,5,9,2,3,8
132,9,6,4,5,10,1,8,2,7,3
200,3,7,6,10,5,8,1,2,9,4
85,7,10,8,1,6,9,4,2,5,3
150,8,1,5,2,4,7,3,10,9,6
80,9,5,4,3,10,8,2,6,1,7
223,10,2,7,3,4,6,1,5,8,9
21,5,8,6,3,9,4,1,7,10,2
64,9,4,8,10,6,1,7,5,3,2
49,5,7,2,1,3,9,4,8,6,10
108,3,9,4,1,6,10,7,5,8,2
178,1,10,2,3,7,4,9,6,5,8
286,1,4,10,8,9,6,2,5,3,7
230,4,5,3,7,1,6,2,9,10,8
78,7,3,8,2,5,1,9,10,6,4
146,8,5,2,1,6,10,4,7,3,9
166,7,6,4,3,1,9,8,10,5,2
195,2,7,4,10,1,8,3,6,5,9
247,4,3,2,5,8,6,10,9,7,1
183,1,2,8,10,7,6,9,4,3,5
215,2,7,4,10,1,8,3,9,6,5
3,2,7,9,5,8,3,4,6,1,10
245,1,5,3,10,4,2,7,9,6,8
3,8,10,4,6,2,7,1,5,9,3
43,2,8,3,5,7,10,1,6,4,9
281,5,10,6,8,2,7,3,9,1,4
52,3,6,5,10,2,7,4,8,9,1
80,4,6,3,8,2,1,7,10,5,9
133,2,6,9,1,3,4,5,10,8,7
299,1,2,6,3,10,7,9,4,8,5
289,2,9,5,6,8,7,1,10,3,4
156,5,10,2,8,7,1,6,4,3,9
247,2,8,1,10,7,9,5,4,6,3
197,2,10,6,5,4,1,8,9,7,3
257,5,9,2,3,10,7,8,1,4,6
128,1,7,3,5,4,10,8,2,9,6
116,6,3,5,1,2,7,10,4,9,8
143,3,7,8,2,9,4,1,10,5,6
242,7,9,4,2,1,8,10,5,6,3
294,6,4,3,9,1,8,5,10,2,7
272,5,7,9,2,10,3,8,6,1,4
24,1,10,7,4,6,8,3,2,5,9
270,5,7,1,3,8,2,10,6,4,9
141,1,8,7,5,9,2,6,4,3,10
254,2,9,5,1,8,10,3,4,7,6
34,1,6,2,5,9,8,4,7,3,10
15,6,5,2,8,4,10,9,3,7,1
211,5,10,7,3,6,2,9,4,1,8
291,5,2,9,3,7,1,6,10,4,8
117,10,9,4,5,2,8,6,1,7,3
192,1,4,3,9,6,7,5,2,8,10
209,8,6,7,5,9,4,10,2,1,3
19,3,2,8,6,10,5,4,7,1,9
66,1,4,5,10,9,7,8,2,3,6
280,10,6,8,7,2,5,1,4,9,3
203,3,8,4,6,9,5,10,7,1,2
298,2,1,10,5,9,8,3,4,7,6
78,10,4,1,2,5,7,6,3,9,8
281,2,10,6,5,4,8,9,7,1,3
102,6,2,9,5,10,3,1,4,7,8
0,4,2,1,10,8,6,7,9,3,5
42,1,9,2,5,8,3,6,4,7,10
124,9,10,6,1,4,7,2,8,3,5
150,4,6,3,2,7,10,8,1,5,9
45,2,6,3,7,10,4,1,5,9,8
148,8,10,2,6,3,4,9,5,1,7
73,6,4,7,8,5,3,10,9,1,2
214,1,3,7,10,5,2,6,4,8,9
258,9,7,6,3,4,1,10,8,5,2
44,5,7,4,10,2,6,1,3,8,9
28,5,3,4,7,10,6,2,1,8,9
42,4,2,10,9,6,1,3,7,8,5
213,2,5,7,8,9,4,6,1,3,10
192,6,8,1,7,10,2,3,9,5,4
132,7,8,9,3,1,6,10,5,4,2
201,6,8,4,10,5,7,1,2,9,3
39,8,3,5,2,10,9,6,4,7,1
248,7,8,9,4,1,10,6,5,3,2
222,2,10,9,4,5,7,1,8,3,6
174,4,2,5,7,9,1,3,8,6,10
203,5,7,10,4,9,2,1,3,6,8
99,5,9,3,2,10,7,6,4,8,1
221,8,2,4,9,7,10,1,5,6,3
40,10,4,3,8,9,7,5,1,2,6
130,5,8,10,6,7,4,1,2,9,3
213,3,6,8,1,2,7,5,10,4,9
162,4,2,1,8,6,3,9,5,7,10
239,3,6,2,7,5,4,10,8,9,1
143,10,9,6,8,4,1,3,2,5,7
42,10,9,5,3,6,8,4,1,7,2
16,3,2,5,10,1,8,4,7,9,6
190,10,8,3,5,9,2,1,7,4,6
105,10,6,8,3,5,2,4,1,7,9
133,1,8,5,6,7,10,2,3,4,9
39,8,4,10,5,3,2,1,7,9,6
256,9,2,1,7,6,4,8,5,3,10
204,1,3,2,4,6,9,8,7,10,5
160,3,9,1,7,6,4,8,10,5,2
161,3,4,5,1,7,2,6,9,8,10
199,6,1,10,3,8,7,5,4,9,2
30,8,4,1,3,5,2,9,10,6,7
161,9,2,4,3,10,7,5,8,1,6
295,2,9,8,4,10,5,7,3,6,1
21,1,10,2,9,6,3,8,7,5,4
113,9,10,6,2,4,5,1,3,8,7
75,1,9,6,10,2,5,8,4,7,3
280,3,7,10,2,4,5,8,1,6,9
266,7,6,3,2,4,5,8,10,1,9
187,6,5,10,8,3,2,1,9,7,4
40,5,3,8,9,7,6,10,1,2,4
161,5,7,10,4,9,6,3,8,1,2
197,9,3,4,2,6,8,1,5,7,10
137,2,1,7,8,6,4,10,3,9,5
287,3,8,5,9,4,10,1,7,2,6
118,3,10,9,6,8,1,5,2,7,4
202,7,8,3,2,9,10,4,1,5,6
255,4,6,8,1,7,3,5,9,10,2
296,4,8,6,5,7,10,1,3,2,9
291,3,7,1,9,8,2,5,10,6,4
121,7,9,2,3,4,1,5,10,6,8
73,5,6,8,3,10,1,9,4,7,2
235,6,9,3,5,2,7,4,8,10,1
263,4,6,2,9,8,10,1,5,7,3
88,10,5,3,7,1,9,2,8,4,6
259,4,3,1,9,6,2,7,5,8,10
212,3,2,8,10,9,6,7,5,4,1
125,4,6,2,5,10,9,1,3,8,7
253,7,5,9,1,6,2,3,8,4,10
213,8,3,4,1,7,6,10,2,9,5
29,4,2,6,1,8,5,3,9,10,7
63,1,3,7,10,6,2,8,5,9,4
24,6,10,4,8,7,2,1,3,5,9
34,5,2,9,3,8,7,1,4,10,6
148,7,1,6,3,10,9,4,2,8,5
266,9,10,4,6,1,7,2,5,8,3
21,9,1,7,2,3,6,4,8,5,10
120,3,9,7,10,5,8,2,6,4,1
117,9,1,2,6,8,7,5,3,4,10
70,7,2,3,8,5,6,10,4,9,1
148,1,6,4,7,3,10,2,5,8,9
242,9,1,4,7,2,3,6,8,10,5
263,6,10,7,8,9,4,3,1,2,5
68,2,8,4,7,6,3,9,5,1,10
80,4,10,7,3,2,1,9,6,8,5
166,5,7,6,3,2,9,8,10,4,1
224,4,8,6,5,1,10,7,3,2,9
42,4,10,1,8,2,5,7,3,6,9
239,6,1,7,9,10,2,5,3,8,4
30,2,8,4,10,5,3,1,6,9,7
165,3,5,1,10,8,6,2,9,4,7
172,8,7,5,6,3,9,1,4,10,2
292,5,6,7,2,4,8,9,10,1,3
33,10,7,3,5,1,9,8,2,4,6
147,1,7,8,2,4,9,10,3,6,5
272,10,3,8,9,2,4,1,5,7,6
183,8,5,2,6,9,4,10,7,1,3
161,1,3,6,9,2,5,10,4,7,8
210,3,1,7,8,6,10,2,5,9,4
206,8,6,4,7,10,2,5,1,3,9
60,2,6,3,8,10,7,9,1,4,5
113,5,8,10,3,1,9,2,6,4,7
179,1,9,10,7,8,5,4,2,6,3
111,4,6,3,2,9,7,10,5,8,1
114,5,6,1,10,8,2,9,7,3,4
281,10,6,2,9,4,7,5,8,1,3
276,4,1,6,5,10,7,9,8,3,2
76,4,5,2,9,10,8,6,7,3,1
43,6,4,3,9,7,1,5,2,8,10
96,5,8,9,4,3,7,10,6,2,1
285,6,4,8,2,7,5,3,9,1,10
17,10,9,3,6,8,7,4,2,1,5
284,8,6,9,10,5,1,3,2,7,4
132,7,6,10,3,9,4,1,8,2,5
90,1,3,9,7,2,4,8,5,6,10
185,3,8,6,7,2,10,9,5,1,4
83,5,8,1,4,9,10,6,7,2,3
62,8,4,5,10,1,2,3,6,9,7
184,1,3,10,8,9,4,2,6,7,5
191,5,6,8,1,7,3,9,10,4,2
150,6,4,1,9,3,10,7,5,2,8
100,9,5,2,10,1,8,4,6,7,3
203,4,1,9,7,10,5,6,3,8,2
105,5,10,2,9,8,4,7,1,3,6
125,7,4,5,6,9,2,3,1,8,10
35,8,9,7,3,6,10,1,4,2,5
237,6,8,2,1,5,3,7,10,9,4
224,9,4,5,8,3,10,7,2,6,1
274,8,4,9,10,2,3,5,6,7,1
120,3,9,5,10,6,4,1,7,8,2
142,1,3,4,8,10,6,9,7,5,2
217,9,6,2,7,3,4,10,1,8,5
99,8,5,2,3,1,4,10,7,6,9
84,5,3,2,1,10,4,8,6,9,7
104,4,5,6,3,8,1,2,7,9,10
242,7,10,2,4,3,8,5,6,9,1
288,1,3,6,5,4,10,9,2,8,7
190,4,7,3,9,6,5,10,2,1,8
130,3,10,9,7,1,5,6,2,8,4
32,1,9,7,8,2,4,5,3,6,10
115,8,4,5,6,2,3,9,10,1,7
40,10,4,3,6,2,9,1,8,5,7
279,9,8,4,5,3,6,1,10,7,2
61,5,6,2,4,8,7,10,1,9,3
224,2,3,1,9,8,6,5,7,4,10
46,1,6,9,10,7,5,2,4,3,8
211,4,9,3,7,6,2,8,5,10,1
90,7,4,9,8,5,2,1,3,10,6
74,2,1,6,7,9,8,4,10,3,5
220,10,4,9,7,3,8,1,6,5,2
165,3,7,6,1,9,2,10,8,5,4
20,6,2,3,9,4,1,5,7,10,8
17,8,1,6,7,10,9,2,4,3,5
137,2,1,5,7,10,6,4,3,9,8
117,2,6,7,10,1,4,3,9,8,5
22,2,10,1,6,5,8,9,7,3,4
14,2,6,5,10,7,8,9,3,4,1
26,7,9,5,10,1,3,4,8,2,6
271,7,2,9,1,10,6,3,5,8,4
139,9,4,6,2,5,7,10,3,1,8
13,3,1,2,8,6,4,10,7,9,5
260,4,9,5,6,2,8,3,1,10,7
239,5,1,2,7,4,10,3,6,9,8
64,1,5,10,7,6,8,3,9,2,4
91,10,8,1,3,4,2,5,9,7,6
202,6,2,10,1,4,3,7,5,9,8
197,6,1,8,7,9,4,5,10,2,3
4,2,8,4,3,10,7,1,5,9,6
292,2,3,1,4,5,9,8,6,7,10
157,4,9,2,1,5,6,10,8,7,3
218,1,8,5,7,2,3,6,9,4,10
229,1,8,2,6,5,4,10,9,7,3
264,7,9,8,1,5,6,4,10,2,3
64,4,7,1,5,9,8,3,10,6,2
125,5,9,8,6,4,2,3,1,7,10
176,7,1,2,3,8,5,9,10,6,4
112,5,10,3,7,9,8,6,1,2,4
109,9,6,8,4,3,10,5,1,7,2
135,1,6,3,9,7,2,10,5,8,4
110,9,4,7,1,3,2,6,10,5,8
21,5,8,6,1,3,9,10,2,7,4
294,3,1,2,5,8,7,9,4,6,10
194,3,1,10,9,7,6,5,8,4,2
60,8,10,7,4,2,1,3,5,9,6
221,1,6,9,8,2,10,7,4,5,3
7,8,10,1,5,3,4,6,9,7,2
11,3,8,7,1,6,2,4,9,10,5
174,4,6,10,9,8,1,2,7,5,3
111,10,9,4,2,1,5,8,7,3,6
244,3,1,7,5,2,8,4,6,9,10
70,10,9,1,7,2,3,4,5,8,6
21,4,1,10,9,2,8,3,7,5,6
123,6,7,8,9,3,5,1,4,10,2
65,2,4,1,10,8,7,6,5,9,3
79,5,4,6,3,1,10,7,8,2,9
253,5,3,9,1,4,2,6,8,7,10
284,7,1,4,9,5,6,3,10,8,2
127,9,3,4,1,6,8,2,10,7,5
295,6,8,9,10,4,5,7,2,3,1
293,7,6,1,5,10,8,9,2,3,4
215,8,6,1,5,4,7,10,3,9,2
86,8,9,1,7,3,4,5,6,2,10
1,8,6,1,2,7,5,9,10,4,3
277,2,10,7,4,8,5,6,1,3,9
300,8,1,5,10,4,7,2,9,6,3
295,10,7,2,3,9,6,5,4,1,8
284,4,10,3,5,8,7,2,6,1,9
172,10,8,7,5,6,9,3,4,2,1
191,8,5,2,10,9,6,1,4,3,7
97,9,1,7,10,2,8,3,5,6,4
196,7,1,5,10,9,8,4,2,6,3
24,8,6,7,3,5,4,9,2,1,10
42,4,3,5,10,7,2,6,8,9,1
152,5,8,9,4,7,6,1,3,10,2
58,10,8,4,7,1,3,9,2,5,6
173,7,3,10,1,8,2,6,5,4,9
236,1,2,9,6,5,7,8,10,3,4
79,6,10,5,9,7,4,1,3,8,2
295,5,10,2,1,8,6,3,9,4,7
162,10,2,9,5,8,3,7,4,6,1
90,5,1,10,4,8,9,7,6,2,3
277,1,3,7,5,4,9,2,6,10,8
260,10,9,3,4,5,7,6,8,1,2
68,5,4,1,7,3,10,2,6,9,8
71,10,1,7,6,3,2,5,4,9,8
250,10,8,3,7,9,2,6,5,4,1
109,6,3,4,8,10,7,5,1,2,9
287,10,9,4,6,5,1,8,3,7,2
70,7,4,5,9,3,2,6,1,10,8
91,3,2,4,5,6,9,8,10,7,1
300,6,10,7,9,8,2,4,3,5,1
106,8,3,1,2,9,10,7,4,6,5
127,8,1,5,2,9,10,3,7,4,6
47,3,1,10,4,2,7,6,5,8,9
8,5,3,1,6,7,9,2,8,4,10
121,5,6,8,9,2,7,4,3,10,1
222,2,3,8,6,9,5,4,10,1,7
153,7,9,1,2,3,8,10,6,4,5
294,4,3,7,1,2,10,5,9,8,6
300,10,8,7,5,9,2,6,1,3,4
227,10,8,6,9,2,3,1,7,5,4
132,9,7,5,4,3,6,1,2,10,8
20,8,6,2,9,1,4,7,10,5,3
274,1,7,4,8,6,10,2,5,9,3
232,5,4,1,10,8,2,9,3,6,7
272,6,7,1,3,9,5,8,4,10,2
93,9,7,10,4,2,5,3,8,1,6
83,1,3,4,9,5,7,8,10,6,2