11
1,a
2,b
3,c
4,d
5,e
6,f
7,g
8,h
9,i
10,j
11,k
200981,200981,2000
166,2,9,10,6,4,5,8,7,11,3,1
65,2,11,9,3,6,4,10,5,8,1,7
54,7,9,8,4,1,10,5,3,11,6,2
100,11,7,8,6,5,9,10,4,2,3,1
138,2,1,10,8,9,7,4,5,6,11,3
194,4,9,2,8,10,11,5,1,3,6,7
23,9,2,1,5,6,8,4,7,11,3,10
88,9,10,1,3,5,11,8,2,7,4,6
83,6,2,8,4,10,11,5,9,3,7,1
173,8,4,9,3,11,5,7,10,6,1,2
75,3,8,10,1,6,9,5,7,11,4,2
173,3,4,9,1,6,2,11,5,8,10,7
187,7,9,10,2,11,3,1,6,4,5,8
182,3,1,10,2,5,6,9,7,8,4,11
34,7,2,4,6,5,3,11,10,1,8,9
67,10,1,9,3,5,6,8,11,2,7,4
66,9,4,8,10,2,6,5,11,3,7,1
148,8,7,1,10,4,11,2,5,3,6,9
30,6,8,7,11,9,2,3,10,4,5,1
182,5,7,11,3,10,1,9,2,4,6,8
31,6,7,4,9,5,10,11,1,3,2,8
25,7,11,8,5,10,1,2,3,6,9,4
17,8,9,3,2,5,1,10,7,6,4,11
191,10,6,4,7,11,5,2,3,1,9,8
147,9,3,11,5,8,1,2,6,10,7,4
199,11,8,5,7,9,3,4,6,1,2,10
196,11,6,4,5,8,3,2,1,10,9,7
104,2,10,8,7,5,3,11,6,4,9,1
173,1,3,11,2,10,7,6,8,9,4,5
156,6,7,1,3,11,5,8,2,10,9,4
52,5,10,6,7,11,9,3,4,8,2,1
103,4,1,8,2,10,7,6,11,5,9,3
160,8,4,11,5,2,3,10,6,1,7,9
65,9,3,7,8,11,2,10,5,1,6,4
106,8,1,3,9,5,7,10,2,4,11,6
65,1,3,2,7,9,4,11,10,6,5,8
44,9,1,5,10,6,4,7,11,8,2,3
0,10,4,7,9,11,6,8,2,1,5,3
161,2,4,5,11,1,7,9,3,10,6,8
67,10,4,7,1,3,5,11,8,6,9,2
27,2,7,5,10,3,1,9,11,8,4,6
13,4,9,2,5,8,3,7,6,11,1,10
48,10,9,4,5,6,3,11,1,7,8,2
195,1,7,2,10,6,9,11,3,8,4,5
189,6,9,1,11,8,10,5,4,3,2,7
24,3,10,11,7,4,8,9,2,1,5,6
178,10,3,5,8,7,1,4,9,11,2,6
7,1,10,4,7,6,9,8,2,5,3,11
191,1,9,6,11,7,10,8,5,2,4,3
149,4,5,6,9,8,2,7,1,11,3,10
62,10,4,11,2,7,8,1,6,5,9,3
158,3,11,2,8,7,6,9,1,4,5,10
63,7,11,1,10,4,6,2,5,9,3,8
82,9,6,8,7,2,11,5,1,4,10,3
192,11,9,6,3,10,8,5,1,7,2,4
24,9,1,4,2,8,11,10,5,7,6,3
120,2,3,5,11,10,8,7,9,1,4,6
68,6,9,5,3,2,11,10,1,7,8,4
72,11,8,7,9,6,10,5,1,4,2,3
191,1,8,10,4,6,3,9,2,7,5,11
79,2,11,3,10,8,4,9,1,7,6,5
87,8,4,3,7,11,1,9,5,6,2,10
75,2,11,6,5,7,10,3,1,4,9,8
9,10,11,9,4,6,5,3,2,8,1,7
62,11,8,10,4,9,1,2,5,3,6,7
8,1,8,3,7,11,9,2,10,5,4,6
153,2,8,4,9,6,10,5,1,7,11,3
62,4,2,11,10,3,6,9,7,8,1,5
40,6,8,7,5,3,9,2,4,11,10,1
84,8,2,3,11,7,6,10,1,9,4,5
54,10,1,9,4,3,5,8,11,6,7,2
142,9,6,10,3,1,2,7,5,4,8,11
142,8,9,11,1,5,3,4,6,7,2,10
78,5,11,8,6,9,3,7,1,2,10,4
147,5,8,9,10,2,6,4,1,7,11,3
198,3,11,7,10,8,5,4,9,6,2,1
104,8,7,10,9,4,5,2,3,1,11,6
19,5,11,1,9,6,3,2,10,4,8,7
110,3,6,9,11,10,2,8,7,4,1,5
31,6,3,8,1,4,9,2,7,5,11,10
151,6,8,3,2,9,11,7,5,4,10,1
84,2,8,7,3,11,4,5,1,6,10,9
5,7,6,5,1,2,4,8,9,11,10,3
149,9,1,7,3,2,8,4,10,5,11,6
18,7,10,5,8,9,3,1,2,4,11,6
103,5,3,6,7,10,1,2,8,9,4,11
58,2,11,5,8,1,6,9,3,4,10,7
98,11,9,3,2,6,7,5,8,4,10,1
89,2,5,6,4,8,10,3,9,11,7,1
75,3,7,1,9,5,11,6,2,10,8,4
152,10,9,2,3,11,1,8,4,6,7,5
77,1,4,11,6,5,2,10,8,7,3,9
50,10,4,5,7,3,1,9,8,11,2,6
185,11,5,8,3,7,4,2,10,1,6,9
10,1,6,9,10,11,8,7,2,5,3,4
134,8,10,2,9,4,11,3,6,1,7,5
91,8,4,3,11,1,5,2,6,9,10,7
154,1,9,2,11,4,7,6,8,3,10,5
29,3,4,2,9,10,7,8,11,6,1,5
24,11,1,4,7,6,10,5,9,3,2,8
66,6,7,11,10,1,3,2,4,8,5,9
70,2,10,1,6,7,9,11,5,3,4,8
156,8,3,9,10,6,5,7,11,1,2,4
82,11,8,10,1,6,4,3,5,2,7,9
3,1,10,7,2,11,3,9,6,8,5,4
162,4,2,3,6,5,11,9,1,8,10,7
8,11,7,8,1,5,10,2,4,3,6,9
45,8,6,3,4,5,1,10,9,7,11,2
159,10,7,5,4,9,6,8,2,11,1,3
185,1,11,3,8,7,2,5,10,4,9,6
50,3,8,4,9,7,5,6,10,1,11,2
10,6,1,5,3,8,7,10,4,2,11,9
87,4,10,8,7,2,6,5,3,11,1,9
44,5,3,1,8,4,2,10,9,6,11,7
145,8,1,3,11,9,10,4,7,6,2,5
120,10,7,2,8,11,1,3,9,6,5,4
62,2,6,8,3,4,10,1,7,9,5,11
24,11,8,9,1,4,3,10,2,7,5,6
199,1,6,11,7,9,8,4,5,2,10,3
24,11,3,1,4,7,2,9,10,6,8,5
78,4,8,10,7,5,6,2,9,11,1,3
194,3,8,10,6,1,2,11,7,4,9,5
99,4,5,7,1,11,3,6,2,10,8,9
81,6,4,9,10,11,5,1,8,2,3,7
193,11,3,8,6,4,10,5,9,2,1,7
91,11,2,6,8,5,3,4,9,7,10,1
91,8,9,11,4,7,1,10,2,3,6,5
166,8,2,9,11,3,4,10,5,7,6,1
59,2,11,4,7,10,8,1,5,3,6,9
37,6,7,1,11,8,5,2,9,4,10,3
190,5,6,8,7,9,4,2,3,10,1,11
41,10,9,7,4,11,3,2,8,5,1,6
66,1,11,10,2,8,6,3,9,5,7,4
28,4,2,1,11,9,10,7,6,5,3,8
22,2,5,7,6,3,9,10,1,4,11,8
184,8,11,6,7,10,1,4,2,5,9,3
158,9,4,8,6,7,5,3,1,2,11,10
33,2,8,11,10,3,4,1,5,9,6,7
14,2,3,9,8,4,11,1,5,10,7,6
82,2,8,7,6,4,5,10,3,1,9,11
137,11,6,5,9,8,4,1,3,2,10,7
123,11,8,6,5,3,2,9,1,4,7,10
178,6,4,11,2,7,8,3,1,5,10,9
199,8,10,1,6,7,9,4,11,2,3,5
129,10,8,3,5,11,2,6,7,1,4,9
63,2,8,3,1,9,4,11,6,5,7,10
143,10,1,5,3,4,9,8,6,7,11,2
191,1,2,6,10,7,9,3,11,4,8,5
200,2,11,3,4,8,1,7,6,9,10,5
192,10,3,8,5,7,4,1,11,9,2,6
79,7,10,11,3,4,8,6,2,1,5,9
64,7,3,10,2,11,5,4,9,8,6,1
177,2,7,8,5,3,6,11,1,4,10,9
14,4,10,11,6,7,8,5,2,9,1,3
11,8,7,3,11,5,9,1,10,4,2,6
95,11,8,6,1,3,10,2,7,4,9,5
122,3,6,5,2,1,8,4,11,10,9,7
171,7,11,9,8,5,4,10,3,6,1,2
22,10,1,11,7,6,3,2,8,9,5,4
175,3,5,9,1,6,2,7,4,11,8,10
0,1,10,9,8,4,2,11,6,5,7,3
102,6,5,2,1,4,9,7,10,11,3,8
108,11,1,3,2,8,10,5,9,4,6,7
38,6,3,10,1,4,9,2,11,8,5,7
7,3,11,10,4,2,6,7,8,9,5,1
105,5,3,7,11,10,6,4,1,2,8,9
158,11,9,8,2,1,5,10,6,3,4,7
70,5,10,7,2,1,9,6,8,3,4,11
19,7,6,3,1,9,8,4,10,5,2,11
167,10,1,11,6,8,5,2,9,7,4,3
139,2,5,7,9,8,10,4,11,1,3,6
55,3,8,1,11,2,5,4,9,6,10,7
182,11,10,5,7,6,8,3,9,4,1,2
58,8,2,11,7,1,3,10,5,4,9,6
95,4,8,7,10,11,2,9,1,5,6,3
47,4,11,9,8,5,6,10,2,7,1,3
146,7,6,2,4,5,9,3,10,11,8,1
167,5,8,3,7,10,9,2,11,4,1,6
27,5,8,1,11,10,6,7,3,9,2,4
127,3,2,7,4,1,5,9,10,11,6,8
183,4,2,8,5,7,6,3,10,11,1,9
46,2,10,9,4,1,5,6,3,8,7,11
200,9,4,3,5,7,10,8,1,2,6,11
3,2,10,3,6,8,11,7,4,5,9,1
182,4,3,5,8,6,10,7,9,1,2,11
196,5,3,1,7,6,9,11,4,2,8,10
192,3,10,1,4,11,8,2,7,9,5,6
109,6,9,7,11,3,4,2,5,8,1,10
161,6,2,7,3,4,5,1,9,11,8,10
96,7,8,6,4,10,9,1,2,5,11,3
126,3,10,6,4,2,11,9,7,1,5,8
96,6,8,7,11,9,5,3,10,4,2,1
172,9,4,6,2,11,10,3,5,8,7,1
42,4,8,7,10,11,3,2,1,9,6,5
3,6,7,9,11,5,3,1,8,10,2,4
119,2,11,3,7,9,10,8,4,6,1,5
88,2,1,6,11,3,4,8,10,5,9,7
136,4,7,6,8,1,2,10,9,5,3,11
139,9,2,3,11,6,1,8,7,5,10,4
129,9,3,6,4,7,2,10,5,8,1,11
100,1,10,11,2,5,9,7,3,8,4,6
19,10,4,2,6,8,11,3,1,5,7,9
139,11,8,1,5,7,10,9,6,3,4,2
159,2,4,5,3,11,1,6,9,8,7,10
10,7,3,11,1,6,2,8,4,5,10,9
121,3,2,6,4,5,9,10,11,8,1,7
78,6,11,3,2,1,10,5,7,4,9,8
185,6,11,3,9,1,2,4,8,5,7,10
115,10,1,8,9,11,7,5,4,2,6,3
139,11,4,5,6,8,1,9,10,7,2,3
189,4,5,10,9,2,3,8,1,6,7,11
143,6,8,3,11,5,1,10,9,2,4,7
199,7,11,3,8,2,4,1,9,10,6,5
190,8,2,7,5,10,11,4,6,9,3,1
25,11,9,3,1,4,8,2,6,10,5,7
50,10,4,3,1,11,9,2,5,7,8,6
31,8,2,5,10,9,11,4,1,7,6,3
115,7,5,9,6,1,10,3,4,2,8,11
137,9,8,3,1,6,5,2,11,10,4,7
105,1,2,6,11,9,5,10,8,3,7,4
113,10,3,1,6,8,7,2,9,5,11,4
47,7,3,11,5,8,10,2,4,6,1,9
8,1,2,10,8,3,5,11,4,7,6,9
0,10,2,8,9,5,6,7,4,1,3,11
113,5,11,1,7,2,8,4,9,10,6,3
185,9,8,11,7,2,10,1,4,6,3,5
122,4,11,10,8,2,3,6,9,1,7,5
95,8,5,10,9,7,1,3,6,11,2,4
174,4,3,1,8,10,11,6,7,9,2,5
145,10,2,6,9,3,11,1,8,4,7,5
107,11,10,3,9,8,2,5,4,6,7,1
17,11,10,3,6,7,4,9,8,2,1,5
72,9,2,3,1,11,8,5,7,6,4,10
146,2,11,5,7,4,3,1,9,8,10,6
66,11,6,8,10,1,5,4,2,7,3,9
8,1,8,10,11,2,4,5,7,3,6,9
105,5,7,4,6,11,9,2,1,10,8,3
118,3,7,6,11,4,1,2,9,5,10,8
165,3,7,4,10,11,9,2,1,6,5,8
183,11,7,6,8,5,4,9,10,2,1,3
16,5,8,9,10,3,1,6,2,11,7,4
192,10,4,9,3,6,1,5,8,7,2,11
134,1,7,6,11,2,10,8,4,3,9,5
113,2,4,11,5,8,6,10,3,7,9,1
127,4,7,11,5,9,1,8,10,2,3,6
87,4,7,8,11,1,5,6,9,3,10,2
10,1,5,4,8,9,3,2,6,11,10,7
84,1,8,11,10,9,6,7,4,5,3,2
185,4,9,11,8,7,6,10,5,2,3,1
13,1,7,9,6,2,3,10,11,8,4,5
58,8,4,3,5,11,9,10,1,2,7,6
164,9,5,2,3,11,8,4,1,6,7,10
24,7,1,3,4,6,8,10,2,9,11,5
17,7,1,2,9,4,11,10,8,5,6,3
62,7,5,4,8,6,11,1,3,2,9,10
155,2,10,6,1,3,7,5,8,4,11,9
4,6,11,10,4,2,1,9,5,3,7,8
147,5,9,1,6,7,2,3,10,11,8,4
7,4,2,11,5,6,10,7,3,9,1,8
50,8,7,4,9,2,10,11,6,5,1,3
183,6,8,2,10,5,9,3,7,11,1,4
164,1,3,4,5,7,9,11,2,6,10,8
122,11,6,7,9,10,5,3,2,8,1,4
83,3,2,7,8,5,1,9,10,4,6,11
187,8,5,6,4,11,3,7,9,1,10,2
54,9,7,3,11,6,4,2,5,1,10,8
62,6,3,2,8,5,10,11,1,4,7,9
92,5,8,2,10,6,4,3,7,9,11,1
73,8,4,6,5,11,2,10,9,1,7,3
94,5,2,9,10,3,11,7,8,4,1,6
6,6,9,11,5,4,7,1,8,3,2,10
42,8,2,11,3,9,7,1,5,4,10,6
52,2,10,9,11,7,3,6,4,8,1,5
51,8,9,2,7,1,10,11,3,5,4,6
59,9,5,11,6,4,3,1,8,7,2,10
151,5,8,6,2,7,4,10,1,11,9,3
5,4,1,3,9,5,11,6,2,7,8,10
11,3,10,8,5,2,6,4,7,11,1,9
180,8,10,1,5,11,4,7,3,9,6,2
34,3,1,6,11,2,9,4,5,10,8,7
141,7,11,9,6,1,5,10,2,3,4,8
7,11,5,4,6,9,10,8,2,1,7,3
195,8,3,9,7,11,6,1,5,4,2,10
89,8,2,10,6,4,1,9,7,3,11,5
134,7,3,5,1,9,8,4,2,10,11,6
19,6,8,2,3,9,7,11,5,1,4,10
89,10,2,8,4,6,5,1,7,3,9,11
20,6,10,8,3,11,7,2,5,4,9,1
40,4,1,11,10,8,6,2,3,5,9,7
159,1,7,11,9,2,4,6,3,8,5,10
55,8,5,6,2,9,7,10,11,4,3,1
74,3,2,7,10,9,4,5,8,6,11,1
39,1,11,6,3,4,2,9,7,8,5,10
174,8,4,10,2,7,11,9,5,6,1,3
123,9,7,1,11,10,8,4,3,6,5,2
70,11,5,3,8,6,1,10,9,2,7,4
90,3,2,11,1,9,5,8,6,4,7,10
193,5,11,8,1,9,6,10,2,3,4,7
164,10,5,1,9,7,2,8,3,6,11,4
180,9,11,5,2,6,10,8,3,1,4,7
22,8,9,10,2,3,6,11,7,5,4,1
148,8,4,6,7,9,3,10,1,11,5,2
38,8,1,7,11,6,3,9,10,2,4,5
136,3,9,6,4,2,8,10,1,11,5,7
138,1,4,11,5,8,3,9,6,2,7,10
138,1,4,2,8,3,6,9,5,10,11,7
58,3,11,10,2,8,5,6,7,1,4,9
62,10,2,7,9,4,11,6,5,3,1,8
87,2,9,5,11,8,3,1,10,7,6,4
116,11,4,8,6,9,7,3,5,10,1,2
55,1,11,8,9,6,3,2,7,10,4,5
99,11,6,2,9,5,3,10,7,8,4,1
84,7,3,4,1,8,10,5,11,2,9,6
12,8,3,9,1,4,11,7,6,2,10,5
97,4,3,2,1,6,10,9,7,5,8,11
99,3,1,9,2,11,10,6,8,7,5,4
48,4,11,8,7,6,3,10,2,5,1,9
127,2,4,10,8,7,9,6,11,3,1,5
93,2,6,8,11,9,7,5,1,4,3,10
54,5,11,9,3,6,10,8,1,7,2,4
113,6,2,1,11,4,8,3,7,9,5,10
99,4,5,9,11,7,2,8,3,10,1,6
31,9,7,10,5,4,6,8,3,2,1,11
9,1,7,11,6,4,10,8,9,5,2,3
197,10,1,2,3,8,4,9,7,6,11,5
171,6,5,1,8,11,9,3,2,4,7,10
132,10,9,6,4,1,5,3,7,8,2,11
101,9,2,3,10,7,8,11,1,5,4,6
90,1,10,5,6,3,2,8,11,9,7,4
36,9,10,5,3,1,7,8,6,2,4,11
137,3,7,4,11,9,8,10,5,1,2,6
60,2,8,5,4,7,11,1,3,10,9,6
190,7,8,9,5,1,2,10,11,4,6,3
68,11,5,4,6,2,1,9,7,8,3,10
82,2,10,3,4,6,5,11,7,9,1,8
185,7,8,4,1,5,9,3,11,2,10,6
36,9,8,6,4,5,3,7,11,2,1,10
119,5,9,10,11,6,2,3,8,4,7,1
58,6,3,1,11,7,10,4,5,2,9,8
146,4,2,1,10,5,9,3,11,8,7,6
182,5,1,7,10,6,9,8,2,3,11,4
47,11,4,6,3,10,9,1,5,2,8,7
80,3,6,10,2,8,5,9,11,4,1,7
121,2,7,1,3,5,9,4,6,11,10,8
142,2,6,9,10,4,5,1,8,7,3,11
89,9,10,11,8,4,2,7,3,5,1,6
159,1,6,9,11,2,8,3,10,4,5,7
75,9,10,11,2,7,4,1,8,5,6,3
124,7,1,2,10,11,6,8,9,5,4,3
148,7,6,5,9,8,2,3,10,1,4,11
53,11,1,5,2,4,8,3,10,6,7,9
64,6,2,8,1,10,11,3,7,9,4,5
22,10,5,4,8,6,11,2,1,7,9,3
81,8,1,5,2,3,7,11,4,10,6,9
153,10,1,11,9,4,2,8,5,3,7,6
82,3,1,11,4,5,10,2,6,7,8,9
105,8,4,1,3,7,6,10,2,11,9,5
61,1,7,10,2,4,9,5,11,8,3,6
19,3,9,10,5,6,1,11,2,4,7,8
172,2,9,6,1,8,3,5,7,11,4,10
42,8,3,6,7,11,4,9,5,1,2,10
79,10,7,2,6,5,1,3,11,4,8,9
45,9,3,1,11,8,2,4,6,10,7,5
8,9,2,4,11,7,5,10,6,1,8,3
86,6,4,1,2,9,3,7,11,10,5,8
34,1,7,2,3,11,10,6,8,4,9,5
4,11,9,7,8,4,3,10,6,5,1,2
46,1,5,7,8,6,9,2,10,11,4,3
150,9,5,10,7,2,4,8,1,3,6,11
54,1,11,5,3,8,4,2,10,7,6,9
41,8,3,9,11,6,2,10,7,1,5,4
65,4,7,9,5,6,10,2,1,11,8,3
143,10,11,8,4,6,5,3,9,7,1,2
53,10,5,11,9,7,6,3,4,8,1,2
49,9,8,6,3,11,7,10,1,2,4,5
26,10,6,11,5,1,7,8,9,2,3,4
90,8,3,2,1,7,6,5,10,9,4,11
21,2,4,1,6,3,9,11,5,10,7,8
104,6,10,5,8,11,9,7,1,4,2,3
103,5,9,6,7,10,4,8,3,2,1,11
114,2,8,9,6,7,1,3,10,11,4,5
146,4,8,3,2,10,1,9,6,7,11,5
190,4,7,8,5,3,11,1,6,10,9,2
169,2,7,9,5,6,1,3,11,10,8,4
199,2,6,1,10,5,11,3,4,8,9,7
123,3,4,6,10,2,5,8,1,11,7,9
111,4,3,7,11,2,5,1,6,10,9,8
182,5,3,4,10,11,8,6,7,2,1,9
195,1,2,11,7,5,10,9,4,3,8,6
29,2,7,8,5,11,10,4,6,1,9,3
197,2,10,9,8,11,7,5,1,6,3,4
154,3,10,9,6,11,5,4,7,2,8,1
117,1,2,11,7,9,10,3,5,6,8,4
97,5,10,9,4,7,6,3,1,2,8,11
146,1,2,8,10,6,5,4,11,7,3,9
67,10,8,11,3,4,2,6,1,9,7,5
11,7,4,6,1,5,8,3,9,10,2,11
86,5,6,11,9,8,3,1,10,2,4,7
117,2,9,6,7,8,5,10,3,1,11,4
7,9,3,4,10,7,1,6,11,2,5,8
139,5,7,10,8,3,4,6,9,11,2,1
147,3,7,5,8,6,1,2,11,10,9,4
64,3,6,10,9,4,8,11,2,7,5,1
40,11,2,4,5,1,7,10,9,6,3,8
105,5,3,11,9,10,4,7,6,1,8,2
143,4,6,10,3,7,9,2,1,5,11,8
43,8,5,3,11,9,6,1,2,7,4,10
177,5,3,10,8,2,1,11,9,7,6,4
180,5,4,6,3,8,11,2,9,7,1,10
15,2,5,6,3,9,1,11,4,7,8,10
34,8,7,5,1,9,2,3,11,6,4,10
94,11,3,5,2,9,1,4,10,8,6,7
153,6,5,9,4,3,2,7,11,10,8,1
100,9,3,2,4,6,8,5,7,11,1,10
181,10,8,1,9,3,4,11,7,2,6,5
116,8,4,1,2,6,3,7,5,10,9,11
37,9,6,3,10,5,8,11,4,2,1,7
33,4,1,5,8,9,6,11,7,3,10,2
125,9,7,10,3,6,4,8,2,5,1,11
156,9,2,8,11,4,6,1,5,10,7,3
174,6,4,7,5,8,11,1,9,10,3,2
127,10,3,7,1,5,2,9,4,11,6,8
99,1,9,8,7,6,10,5,11,4,2,3
199,4,5,11,7,1,8,6,9,10,2,3
46,1,3,4,11,2,10,8,5,7,6,9
57,9,2,7,11,3,6,10,4,8,5,1
83,8,1,5,4,7,10,6,11,3,2,9
53,11,7,4,8,5,3,2,9,1,10,6
96,11,5,8,1,4,3,9,10,7,2,6
76,3,1,6,11,5,10,8,2,9,4,7
146,11,4,1,6,5,2,9,3,10,7,8
113,5,1,11,3,9,7,4,10,8,6,2
116,10,7,5,2,6,4,11,8,3,1,9
23,10,8,3,11,2,9,1,5,4,7,6
184,3,5,6,1,2,7,4,9,11,10,8
5,2,3,9,11,8,7,6,1,5,4,10
56,2,9,8,11,4,1,6,5,3,7,10
85,10,7,3,2,4,9,5,11,6,8,1
109,3,4,11,1,8,6,9,5,10,2,7
158,2,6,3,4,9,10,7,8,5,11,1
179,11,1,5,2,4,9,10,3,6,7,8
35,5,3,4,1,8,7,9,2,6,11,10
123,4,8,10,6,1,2,9,5,11,3,7
45,6,5,8,9,7,3,11,10,1,4,2
31,4,9,7,10,5,8,2,6,1,11,3
158,4,11,10,8,9,1,3,6,7,5,2
63,6,10,5,9,8,11,1,4,7,2,3
27,7,2,4,10,9,3,11,8,5,1,6
60,6,1,9,4,7,2,3,8,5,11,10
15,2,8,11,9,5,3,6,7,1,10,4
187,3,11,5,9,1,7,4,2,6,8,10
66,8,5,6,4,10,11,2,3,9,7,1
142,9,6,1,4,3,5,8,11,7,2,10
101,9,10,1,5,3,7,11,2,6,4,8
125,9,3,6,8,10,7,5,1,11,2,4
98,7,10,8,2,5,3,1,11,9,4,6
142,6,8,2,4,7,11,1,5,3,10,9
192,4,9,8,7,1,3,10,2,5,6,11
142,10,6,4,7,3,1,9,8,2,11,5
174,3,9,7,2,8,4,10,5,6,11,1
179,6,4,3,5,8,9,1,7,2,11,10
35,2,3,6,9,1,4,10,7,8,5,11
98,4,11,7,6,9,3,1,2,8,10,5
154,11,7,6,5,1,10,3,9,4,2,8
184,2,7,8,10,3,1,9,11,5,4,6
67,4,1,6,3,8,10,9,2,11,5,7
154,11,6,3,8,9,10,7,5,4,1,2
65,3,2,11,5,7,4,1,8,6,10,9
116,10,2,9,7,3,6,8,4,5,1,11
130,4,9,3,10,11,7,8,6,1,5,2
72,5,11,3,9,10,1,7,6,2,4,8
180,3,8,11,1,2,5,9,10,6,7,4
186,11,1,10,4,6,8,3,7,5,2,9
191,8,11,7,1,10,9,5,2,4,3,6
96,4,6,7,11,5,1,2,9,8,10,3
125,1,10,9,7,4,5,8,11,6,2,3
14,9,1,6,10,11,4,2,5,8,7,3
88,5,9,8,7,1,10,2,11,4,3,6
151,3,1,10,2,6,8,11,4,5,9,7
166,11,4,10,2,9,3,8,5,1,6,7
77,10,8,4,2,9,1,5,11,7,6,3
104,6,2,5,10,9,11,8,3,7,1,4
134,2,9,1,4,10,5,7,8,3,6,11
185,11,2,6,4,1,5,10,3,9,8,7
154,10,3,6,8,1,7,4,5,2,9,11
149,8,3,10,9,1,11,6,7,5,4,2
47,7,4,6,1,5,9,11,8,10,3,2
100,5,11,4,8,3,9,1,7,2,6,10
131,7,10,8,6,4,9,3,5,1,11,2
36,3,2,10,9,5,8,7,11,6,1,4
64,11,8,4,1,10,7,5,9,2,3,6
175,9,4,8,5,3,11,2,6,10,7,1
88,6,4,11,7,1,5,3,9,8,2,10
107,11,4,2,7,3,10,5,6,1,8,9
66,8,11,7,2,9,10,6,4,3,5,1
38,10,1,3,11,5,2,6,4,7,8,9
106,8,4,6,10,5,3,9,7,2,11,1
25,6,5,3,11,7,8,4,10,1,9,2
74,5,1,6,9,10,3,7,4,8,2,11
24,7,9,5,4,6,1,2,3,10,11,8
41,10,9,8,7,5,3,4,11,2,1,6
92,4,10,7,8,2,11,1,3,5,6,9
36,11,3,6,5,8,2,7,9,1,4,10
72,11,1,6,2,5,10,4,8,3,9,7
140,6,9,5,1,10,11,4,3,2,7,8
3,11,4,2,6,7,3,5,9,8,10,1
88,7,10,1,6,5,9,8,3,2,11,4
74,4,11,5,3,10,2,9,6,8,7,1
112,7,2,4,5,6,11,3,10,9,1,8
91,8,5,4,11,2,1,3,7,6,9,10
195,6,1,4,7,3,2,10,5,8,9,11
162,9,3,6,1,11,8,10,4,5,7,2
92,4,8,7,1,6,10,9,11,3,5,2
131,3,6,4,9,1,11,10,5,2,7,8
194,8,5,11,9,10,6,4,2,3,1,7
42,3,10,7,4,9,5,8,2,6,11,1
19,9,11,2,1,3,4,8,10,7,5,6
133,9,2,11,10,6,5,4,7,3,8,1
186,9,5,10,7,2,11,3,4,6,8,1
192,4,7,11,8,1,2,10,6,5,9,3
153,4,5,2,10,6,8,1,11,7,3,9
197,7,6,3,8,1,11,10,9,2,4,5
122,5,6,1,8,11,10,7,2,4,9,3
50,1,7,9,3,2,4,5,11,8,6,10
183,1,4,11,5,8,10,7,3,2,6,9
111,7,10,11,1,9,4,8,6,5,3,2
6,9,7,2,3,1,10,6,5,8,11,4
114,6,3,8,10,7,5,1,2,9,4,11
0,6,11,9,2,10,3,5,8,7,4,1
183,2,11,9,1,3,6,10,4,5,7,8
158,7,4,10,3,5,9,11,8,1,2,6
189,10,4,2,1,11,9,5,3,7,8,6
94,6,1,5,3,9,10,2,4,11,7,8
113,8,5,7,1,2,9,11,6,4,3,10
109,9,1,6,3,11,7,10,2,5,4,8
21,5,6,3,2,11,10,9,8,1,7,4
191,8,2,3,1,5,9,6,10,4,11,7
110,6,4,1,11,3,2,8,9,10,5,7
155,2,11,6,4,1,10,5,8,9,7,3
145,2,7,9,3,11,1,8,5,10,4,6
86,3,2,8,11,9,6,4,1,7,10,5
144,1,10,11,2,7,5,6,3,9,8,4
29,2,3,4,9,10,8,7,11,5,1,6
142,11,9,1,2,10,6,4,5,8,3,7
32,1,4,8,2,9,11,7,6,3,10,5
1,1,8,6,7,4,5,3,9,2,10,11
180,8,4,3,7,11,2,5,9,1,10,6
79,1,5,10,2,9,11,3,4,6,7,8
165,4,6,1,9,10,5,2,3,8,7,11
82,11,8,7,2,5,1,10,9,3,6,4
138,2,4,7,6,1,8,11,10,9,3,5
155,4,3,2,7,8,11,1,9,10,6,5
115,4,9,6,5,2,7,3,11,1,10,8
64,5,1,3,9,7,2,6,4,11,8,10
79,1,9,6,11,2,8,7,3,10,5,4
73,5,7,3,6,2,1,8,9,4,10,11
38,4,11,7,5,2,3,6,10,1,9,8
90,10,6,7,4,9,3,11,8,5,2,1
132,1,5,3,6,4,2,10,9,11,7,8
154,6,3,10,7,1,2,5,11,8,4,9
179,11,7,1,6,2,3,9,8,5,10,4
16,6,11,7,2,8,4,10,5,3,9,1
137,4,2,5,11,7,3,9,8,1,10,6
162,4,3,7,8,10,6,9,5,2,1,11
64,8,1,7,4,6,9,11,2,3,5,10
192,2,1,6,10,4,3,9,7,11,8,5
75,5,7,8,9,1,10,3,4,2,6,11
43,10,5,9,3,1,7,8,4,2,6,11
6,1,8,10,11,3,2,9,7,6,5,4
145,2,11,4,9,3,5,1,10,6,7,8
166,10,3,2,7,4,11,1,6,5,9,8
193,11,5,4,6,2,9,8,10,7,1,3
49,2,10,3,7,8,9,5,6,4,11,1
46,7,10,2,5,4,1,11,9,3,8,6
118,4,11,8,5,3,1,10,9,6,2,7
47,4,3,11,7,10,5,6,9,1,8,2
49,5,8,1,10,4,11,7,6,9,3,2
107,11,5,8,6,4,2,1,3,7,9,10
61,7,10,9,1,2,3,5,11,4,8,6
140,6,3,9,2,10,7,8,5,1,11,4
72,9,6,8,4,1,5,3,11,7,10,2
39,3,1,9,4,2,10,6,7,5,11,8
186,4,11,6,10,3,2,9,1,5,7,8
38,6,7,2,5,11,3,9,1,8,4,10
107,6,10,7,8,3,9,4,11,1,5,2
62,4,8,6,2,3,10,9,7,5,11,1
102,10,2,8,6,4,1,7,11,5,9,3
180,9,7,6,10,3,2,1,11,4,5,8
138,5,2,1,8,3,6,4,9,7,11,10
50,1,11,6,9,3,2,8,5,7,10,4
69,10,2,7,3,8,6,11,4,9,1,5
169,6,8,2,7,3,9,10,1,5,11,4
109,2,5,3,7,6,9,10,11,8,1,4
124,6,5,10,2,11,3,7,8,4,1,9
124,3,5,2,9,7,10,1,6,8,4,11
136,6,8,9,11,3,1,7,5,10,4,2
34,2,6,7,4,11,8,3,5,10,1,9
107,2,1,9,5,7,10,6,11,4,8,3
130,8,5,9,11,4,10,3,1,7,6,2
60,2,10,9,7,5,1,11,6,4,8,3
187,4,5,11,8,7,6,3,9,1,2,10
81,9,7,3,2,4,10,11,8,5,6,1
108,9,2,6,5,11,4,10,8,7,1,3
75,5,3,2,11,8,9,1,6,7,10,4
199,2,4,10,3,1,6,8,5,7,11,9
98,1,9,7,2,10,4,8,5,11,3,6
19,11,10,1,2,7,8,4,9,6,5,3
65,7,9,10,11,6,5,2,1,8,4,3
104,6,3,8,1,10,9,5,11,7,4,2
25,7,5,9,3,4,1,6,10,2,11,8
37,2,4,10,6,7,3,11,5,8,9,1
15,4,8,11,7,1,2,10,9,3,5,6
170,10,11,9,8,2,1,7,6,5,4,3
200,10,6,5,11,8,4,7,9,3,1,2
151,9,8,10,1,6,3,4,11,7,5,2
36,10,6,5,1,4,11,9,7,8,2,3
119,5,9,2,4,1,3,7,6,11,8,10
56,1,5,3,9,7,2,4,8,11,6,10
126,9,7,6,10,4,5,11,8,1,3,2
196,11,10,7,9,6,2,3,1,4,5,8
108,7,6,10,4,1,9,2,3,8,5,11
21,1,5,10,2,6,3,8,4,9,11,7
23,9,2,1,5,8,4,10,11,6,7,3
99,2,6,11,9,7,10,4,5,3,1,8
74,2,8,11,5,4,1,7,10,9,6,3
103,1,3,10,11,9,7,8,4,5,2,6
169,10,2,6,4,5,8,1,11,3,9,7
109,9,11,5,1,10,3,4,7,2,8,6
173,7,8,1,6,3,2,11,9,5,4,10
115,8,7,6,9,11,5,1,4,2,10,3
198,11,1,10,2,9,7,5,8,4,3,6
99,6,2,3,4,10,7,9,8,11,1,5
110,6,5,1,7,8,3,2,10,11,9,4
3,5,8,7,11,10,4,9,6,1,2,3
36,2,3,10,11,1,4,5,7,6,9,8
139,8,10,11,4,7,3,9,6,1,2,5
182,11,1,3,6,5,4,10,7,2,9,8
6,11,1,7,2,8,3,9,5,10,4,6
96,5,11,6,9,7,10,4,1,3,8,2
178,11,9,5,10,6,3,2,8,7,1,4
72,6,10,8,11,2,3,1,5,4,9,7
200,5,9,11,3,2,1,10,8,4,6,7
166,10,11,8,4,7,3,1,9,2,6,5
118,8,7,3,4,1,5,10,2,11,9,6
144,3,9,7,5,4,2,1,6,8,10,11
141,10,8,6,1,4,11,5,2,7,3,9
24,8,10,4,1,5,9,3,11,6,2,7
32,2,6,7,8,3,9,5,4,11,1,10
167,10,9,4,3,1,8,11,6,5,2,7
56,7,11,2,4,1,5,9,8,10,6,3
185,2,1,10,5,3,4,9,7,11,8,6
96,6,2,1,8,3,10,4,11,7,5,9
122,11,1,4,3,2,6,5,9,7,10,8
136,11,8,5,1,4,6,3,9,10,2,7
52,3,2,6,8,5,4,11,1,9,7,10
174,7,6,1,10,11,2,8,9,5,4,3
19,8,3,10,7,4,1,11,6,9,5,2
76,7,4,11,8,3,5,1,6,10,2,9
127,9,2,5,3,1,6,4,10,7,11,8
86,11,10,1,6,5,9,4,3,7,2,8
43,10,8,11,1,7,5,6,2,4,9,3
162,11,5,9,10,1,4,2,6,3,7,8
163,11,4,5,10,8,1,7,2,9,3,6
77,2,7,10,1,5,11,8,4,6,9,3
11,7,1,5,3,10,6,4,8,2,9,11
118,3,9,2,4,11,6,1,8,5,10,7
14,5,10,7,8,3,6,9,4,11,1,2
73,7,2,10,3,9,6,4,8,11,5,1
82,7,2,5,11,9,6,1,4,10,3,8
129,6,7,1,10,3,9,2,4,8,11,5
61,6,5,8,3,7,4,1,11,9,10,2
162,6,2,5,10,11,4,9,3,1,7,8
116,8,2,3,10,9,5,6,4,11,1,7
51,2,9,1,8,11,4,3,10,5,7,6
33,2,3,7,1,8,6,11,10,9,4,5
142,5,8,6,11,1,3,2,10,7,9,4
197,3,5,1,4,8,10,11,2,9,7,6
137,2,8,3,6,4,10,5,9,7,1,11
86,1,3,5,11,6,8,2,9,7,10,4
95,11,4,2,10,7,1,8,6,9,3,5
126,4,5,10,2,7,6,9,11,1,3,8
75,8,7,1,4,9,3,10,6,2,11,5
65,9,7,5,8,3,6,11,4,10,1,2
44,11,8,2,5,3,7,4,10,1,6,9
30,9,7,1,10,3,6,5,4,11,8,2
128,10,11,1,4,5,8,6,2,9,3,7
78,6,2,5,9,4,1,11,8,3,10,7
23,8,9,1,4,2,11,6,10,7,3,5
153,9,11,6,2,1,4,8,7,10,3,5
52,11,3,9,7,6,1,8,4,5,10,2
143,9,10,4,2,3,11,5,8,1,7,6
66,6,8,4,10,11,7,2,5,1,9,3
198,3,10,9,7,5,8,4,11,6,2,1
195,4,6,5,9,3,10,2,1,7,11,8
4,8,1,11,4,6,3,7,10,2,5,9
9,8,6,2,7,1,4,10,9,3,5,11
195,4,3,2,7,6,10,5,1,9,11,8
162,10,5,2,3,9,8,4,6,11,7,1
187,7,2,11,8,3,4,9,10,6,5,1
119,8,2,3,5,10,1,6,9,11,4,7
168,9,2,4,7,5,10,6,8,11,1,3
137,9,7,5,4,11,10,6,3,1,8,2
74,2,11,10,4,7,9,3,6,5,1,8
93,3,9,10,5,4,6,8,2,7,1,11
50,11,1,7,4,3,8,5,10,9,6,2
78,10,11,5,7,8,9,4,1,6,3,2
86,7,9,11,4,10,3,5,8,6,1,2
136,4,5,1,11,10,7,2,8,9,3,6
142,11,6,9,1,10,3,7,4,5,8,2
141,10,2,5,6,1,8,7,3,9,4,11
3,2,3,10,5,6,8,9,1,4,7,11
9,8,9,2,6,7,11,5,4,10,3,1
176,9,4,10,5,3,8,2,6,11,1,7
166,7,1,6,3,2,10,5,8,11,9,4
81,3,4,10,1,6,5,7,2,11,9,8
187,11,10,5,7,9,2,8,4,3,6,1
45,7,9,3,8,6,2,1,10,11,4,5
38,8,11,2,1,6,5,9,7,10,4,3
182,6,11,2,5,8,7,1,4,3,9,10
111,6,8,2,11,5,9,3,4,1,10,7
50,7,2,9,8,10,3,6,1,4,11,5
9,4,9,5,7,10,3,1,6,2,11,8
34,5,1,7,3,2,4,8,6,9,11,10
3,4,7,1,6,5,2,11,10,8,3,9
25,6,9,8,11,5,7,4,10,2,3,1
143,9,10,7,6,8,1,5,3,11,2,4
46,6,3,10,4,11,5,2,7,9,8,1
149,7,8,2,3,1,9,6,10,4,5,11
58,3,11,6,8,5,7,1,9,10,4,2
124,10,11,1,6,5,8,7,2,4,3,9
61,11,3,2,9,6,4,8,5,10,7,1
76,2,5,3,8,7,6,11,4,10,9,1
118,10,11,5,4,7,1,3,9,2,6,8
116,3,10,11,4,6,1,2,8,7,5,9
26,2,3,1,7,4,11,10,6,8,5,9
93,6,11,9,3,8,5,1,4,10,7,2
121,4,6,2,1,5,11,8,9,10,3,7
18,4,7,9,5,1,3,2,6,11,10,8
33,3,9,8,1,4,7,6,2,11,5,10
141,8,3,11,6,7,5,1,2,4,10,9
108,11,10,9,4,2,3,5,1,7,6,8
85,5,11,3,6,7,4,8,9,2,1,10
84,5,6,2,11,8,4,10,9,7,3,1
56,7,2,1,6,5,9,11,10,8,4,3
31,6,8,11,2,1,9,10,4,7,5,3
79,10,4,11,7,2,5,8,1,9,3,6
96,11,7,9,8,4,5,2,3,10,1,6
82,4,3,9,1,8,10,6,2,11,7,5
123,8,6,1,4,2,3,9,11,5,10,7
136,2,11,5,3,4,10,6,9,1,8,7
143,9,4,1,10,7,2,5,8,3,6,11
142,8,1,9,7,3,6,10,5,11,4,2
46,11,10,4,3,6,8,7,5,9,1,2
36,7,3,10,1,6,9,5,4,11,2,8
113,2,11,1,9,7,3,5,10,4,8,6
57,11,3,10,6,1,8,9,5,4,7,2
134,9,2,3,8,4,7,11,5,10,6,1
171,7,11,5,8,10,1,4,2,9,3,6
172,11,4,1,7,3,9,5,10,2,6,8
146,5,2,8,10,9,4,6,3,11,1,7
114,11,10,2,5,9,4,6,7,8,3,1
109,7,4,1,9,8,10,2,11,3,6,5
129,11,8,5,3,9,7,6,4,1,10,2
26,6,7,3,11,4,5,8,10,9,1,2
25,11,8,5,9,10,2,4,1,6,3,7
57,8,10,7,6,5,11,2,3,9,4,1
150,5,8,10,6,11,9,3,2,7,4,1
148,8,11,6,3,9,5,4,1,2,7,10
109,6,9,11,1,7,5,2,4,10,3,8
63,9,5,7,11,4,10,2,1,6,8,3
44,10,4,1,11,6,2,9,8,5,3,7
195,5,7,1,4,3,6,2,10,8,11,9
90,11,4,7,5,2,10,1,6,3,9,8
102,3,8,2,9,10,5,7,4,6,11,1
93,5,4,2,1,3,6,9,11,7,8,10
146,4,11,3,6,5,9,1,10,8,2,7
147,6,11,8,3,2,1,4,7,5,9,10
145,6,7,4,1,5,11,9,8,2,3,10
96,6,7,9,10,2,5,11,8,3,1,4
130,7,5,3,11,10,2,4,8,1,9,6
63,6,2,7,10,4,1,3,9,8,11,5
61,6,10,3,1,4,8,5,2,7,9,11
93,7,11,8,10,5,2,6,1,4,3,9
62,5,4,11,7,2,1,8,10,9,3,6
102,9,3,11,4,5,8,10,7,6,2,1
187,10,2,4,11,1,6,5,3,8,7,9
82,7,10,2,1,4,3,5,9,11,8,6
57,6,10,7,3,5,8,1,2,9,11,4
40,10,8,7,11,9,3,4,6,2,1,5
108,4,6,1,10,3,11,5,7,2,8,9
68,4,6,3,10,11,5,9,8,7,1,2
191,5,2,4,7,10,6,3,1,9,11,8
120,2,4,5,7,10,1,9,3,8,6,11
67,3,8,2,11,5,10,4,6,9,7,1
62,8,1,9,10,4,3,6,2,11,5,7
31,4,9,11,2,5,7,6,1,10,8,3
82,10,3,9,6,8,4,5,1,2,11,7
197,5,11,1,8,10,6,4,7,2,3,9
90,4,1,9,5,2,7,6,10,8,3,11
159,1,10,2,3,7,9,5,8,6,11,4
2,9,8,3,1,2,6,4,7,11,10,5
89,11,5,2,3,6,10,9,1,7,4,8
18,2,3,11,9,7,4,5,8,1,10,6
168,7,5,3,11,1,8,6,10,9,2,4
8,1,2,8,4,10,6,9,5,3,11,7
142,8,2,6,5,11,9,4,1,3,7,10
67,10,4,3,9,11,5,1,7,8,6,2
188,7,1,5,4,9,6,11,10,2,8,3
115,10,5,6,9,7,8,3,11,4,1,2
38,5,10,6,3,4,1,2,7,8,11,9
120,3,7,5,6,2,11,9,4,8,1,10
159,4,2,11,10,9,5,7,1,8,3,6
130,3,2,4,10,1,6,9,11,8,7,5
92,8,9,5,3,7,11,1,10,2,6,4
29,11,3,1,4,7,8,2,5,10,9,6
53,6,5,8,11,1,2,4,3,10,9,7
176,8,11,10,4,1,5,2,7,9,3,6
21,3,5,4,8,2,1,11,7,10,9,6
102,5,2,4,11,8,6,1,10,3,7,9
73,9,5,3,6,11,7,4,2,10,8,1
38,5,7,6,1,3,10,11,2,9,4,8
140,7,2,6,5,11,4,8,1,10,9,3
72,8,10,3,9,7,11,1,5,4,2,6
122,6,9,4,3,7,2,10,5,8,1,11
22,1,4,5,7,9,10,11,3,6,8,2
112,7,6,2,1,10,8,4,5,11,9,3
164,10,5,2,7,8,9,4,6,1,3,11
124,9,1,10,2,3,11,6,8,4,5,7
155,4,9,3,8,6,5,10,2,1,7,11
180,7,9,8,6,3,4,2,5,1,11,10
108,1,5,11,4,6,7,8,2,10,3,9
57,6,2,10,7,3,9,5,4,1,8,11
131,4,11,5,8,1,6,2,9,10,7,3
53,7,9,3,8,6,5,1,10,11,4,2
192,1,10,4,11,5,2,7,6,9,3,8
28,7,2,8,1,4,10,3,11,9,6,5
86,11,6,7,9,3,8,1,5,4,10,2
132,11,7,2,8,4,9,5,6,10,1,3
173,3,9,5,4,6,2,8,7,10,11,1
37,1,11,3,6,7,2,8,4,9,5,10
45,11,9,7,2,8,6,1,10,3,5,4
41,5,6,4,7,11,1,8,10,3,2,9
106,8,2,6,4,11,1,9,10,7,3,5
165,1,3,9,4,7,2,5,11,10,6,8
139,7,4,2,8,3,6,9,5,10,1,11
81,4,3,8,9,1,5,10,6,11,7,2
146,5,7,9,10,11,3,4,2,1,8,6
76,10,5,1,9,11,8,7,3,2,4,6
55,1,2,5,3,9,6,4,8,10,7,11
29,3,4,11,10,8,7,6,2,1,5,9
62,3,10,9,6,8,2,7,11,5,1,4
38,5,10,1,7,9,8,3,4,2,6,11
133,11,10,8,5,6,9,7,4,3,2,1
41,2,1,5,4,11,3,10,7,6,8,9
122,7,8,3,11,10,6,2,5,4,9,1
37,8,1,5,9,3,2,4,11,7,10,6
37,1,3,5,7,10,4,11,2,6,9,8
75,6,10,5,7,4,11,8,2,3,1,9
118,6,11,5,3,7,2,1,10,4,8,9
185,5,6,9,2,10,8,4,3,11,7,1
17,3,2,7,6,10,1,8,9,4,5,11
102,4,3,1,5,8,9,6,11,2,7,10
159,6,7,3,1,11,4,2,9,5,8,10
104,1,2,9,11,7,4,8,10,5,6,3
41,4,10,2,8,7,11,9,1,6,3,5
167,4,1,5,8,2,3,9,6,7,10,11
22,3,7,2,5,4,9,10,8,11,6,1
149,10,1,6,11,7,5,8,9,2,4,3
67,6,3,7,10,8,9,4,1,11,5,2
147,5,11,6,7,1,3,8,10,2,4,9
27,11,9,1,6,4,3,5,7,10,8,2
124,1,2,10,5,11,3,7,8,4,6,9
27,8,6,1,4,5,9,2,11,7,10,3
24,9,7,5,2,8,4,3,6,10,11,1
15,9,4,10,2,11,8,7,6,1,5,3
156,8,3,10,1,7,5,9,6,4,2,11
167,8,2,4,7,3,10,6,9,1,5,11
82,5,7,8,10,1,9,2,4,11,3,6
17,9,2,1,5,11,8,6,4,3,10,7
138,2,7,11,3,6,1,10,8,4,5,9
142,9,5,10,4,8,6,1,3,2,7,11
149,1,6,8,4,5,3,2,11,10,9,7
68,3,1,11,6,10,5,7,2,4,8,9
68,4,11,1,8,2,9,6,10,5,7,3
60,9,2,7,11,4,10,6,3,1,8,5
95,7,4,3,5,10,1,6,9,11,2,8
73,7,2,1,3,5,6,10,8,9,11,4
132,1,11,3,10,6,7,9,8,5,2,4
40,4,7,6,2,11,1,3,9,8,10,5
36,6,9,7,4,2,8,5,10,1,11,3
181,11,3,10,2,8,1,9,4,6,5,7
24,9,2,4,1,7,10,8,5,11,6,3
77,6,2,9,5,10,11,4,7,1,3,8
44,3,8,5,9,2,11,1,7,10,6,4
89,3,1,9,5,10,11,8,4,2,6,7
123,1,8,7,2,6,10,9,11,5,4,3
85,1,5,6,8,11,10,4,3,7,2,9
193,5,4,1,3,8,11,7,6,10,9,2
81,5,4,2,6,8,7,11,10,3,1,9
104,4,9,2,10,3,5,6,7,8,11,1
27,7,4,5,11,3,10,9,6,1,2,8
159,5,3,8,2,11,1,6,10,4,7,9
124,7,9,11,8,4,1,3,10,2,6,5
89,2,4,7,11,3,10,6,9,5,8,1
149,10,8,11,1,9,3,7,4,2,5,6
124,1,4,11,6,8,5,9,2,7,10,3
115,6,4,8,5,1,7,9,11,3,10,2
174,9,1,2,7,4,10,11,6,8,5,3
7,5,6,10,11,7,4,8,2,3,1,9
21,2,8,5,4,1,10,11,9,7,6,3
51,5,4,11,8,3,2,6,10,1,7,9
103,8,11,2,7,5,1,10,6,4,3,9
29,2,11,6,5,1,8,9,7,4,10,3
122,10,9,3,7,4,5,8,2,6,1,11
137,10,7,3,6,9,5,1,2,4,8,11
174,11,8,3,6,2,9,10,4,1,5,7
24,3,11,7,10,4,2,9,6,5,8,1
87,11,6,9,3,7,2,5,8,10,1,4
93,6,5,7,8,11,2,4,10,1,9,3
166,9,8,2,3,7,1,11,6,4,10,5
82,3,8,6,5,10,4,9,2,1,7,11
108,4,8,7,6,2,3,10,11,5,9,1
64,7,3,6,5,9,10,4,8,2,11,1
5,8,10,3,2,7,6,4,1,9,5,11
16,8,9,3,10,5,7,11,6,4,1,2
157,6,10,1,5,3,11,7,2,4,8,9
102,4,5,2,7,8,6,11,10,9,3,1
62,7,4,10,3,6,11,5,9,2,1,8
78,1,3,2,9,5,11,6,8,4,10,7
77,9,6,7,3,10,1,8,11,4,2,5
97,8,11,1,5,7,10,6,2,9,4,3
13,3,10,2,7,1,11,6,4,8,5,9
183,3,4,5,7,10,11,1,2,8,9,6
91,2,4,6,1,9,8,10,7,3,5,11
165,6,5,7,11,3,4,2,8,1,9,10
145,7,4,5,11,9,2,3,10,1,6,8
1,7,2,1,10,3,9,11,5,8,6,4
75,9,5,10,11,1,4,6,8,3,7,2
180,3,8,9,4,6,5,1,11,2,10,7
180,1,7,10,9,3,4,5,6,2,11,8
162,10,7,5,1,11,3,6,2,4,8,9
163,10,1,2,3,9,11,5,6,7,8,4
62,7,9,3,11,6,10,1,5,8,2,4
69,1,9,3,10,5,2,6,11,7,8,4
21,10,2,8,7,11,9,6,3,4,1,5
92,1,6,3,5,9,8,2,7,10,11,4
153,10,11,8,9,7,3,4,6,2,5,1
146,1,7,4,10,5,6,11,3,2,8,9
35,9,2,1,11,7,5,3,10,8,6,4
15,10,9,5,4,2,3,7,8,11,1,6
60,1,11,4,6,8,3,9,5,7,10,2
31,9,8,2,1,4,6,5,11,10,7,3
6,1,9,11,8,10,6,4,5,2,3,7
74,11,5,10,4,2,7,8,6,3,1,9
108,6,9,4,2,8,11,7,10,1,3,5
24,5,4,6,2,8,9,1,11,3,10,7
40,3,8,4,9,2,1,11,6,5,10,7
124,5,1,8,3,4,9,7,10,11,2,6
45,6,4,1,8,2,9,3,5,7,11,10
152,7,6,9,5,10,1,8,11,2,4,3
163,11,5,9,1,7,8,2,6,3,4,10
62,11,4,6,3,5,9,8,2,1,7,10
188,7,1,3,9,8,11,4,6,10,2,5
96,8,9,2,6,1,7,4,5,10,3,11
79,7,3,5,6,4,10,9,11,1,2,8
60,7,3,8,6,4,9,10,5,2,11,1
28,5,11,3,6,9,8,4,7,2,10,1
83,11,3,9,5,2,10,1,6,7,4,8
36,6,8,9,5,4,11,2,1,3,7,10
28,3,10,4,8,1,2,9,6,11,5,7
147,7,11,3,9,4,6,2,1,8,10,5
107,3,11,8,7,9,10,6,4,2,1,5
169,10,5,7,3,9,6,11,4,2,8,1
182,1,7,10,9,11,8,6,4,5,3,2
141,11,2,4,1,10,5,6,7,3,9,8
118,5,8,1,10,7,6,2,3,11,9,4
35,5,9,11,8,3,6,2,7,4,1,10
187,9,3,5,10,8,6,11,4,2,7,1
129,7,5,4,6,2,9,1,8,10,3,11
198,7,9,4,5,3,10,6,8,11,2,1
114,5,6,8,1,11,7,2,4,10,3,9
126,9,3,2,10,6,4,8,1,11,7,5
182,5,3,1,2,8,4,11,7,10,6,9
50,10,4,1,2,5,8,6,7,11,9,3
29,11,5,2,1,9,3,8,4,10,7,6
160,4,2,7,10,3,11,1,9,8,5,6
154,11,6,4,2,5,3,1,10,9,8,7
127,7,1,3,6,4,11,5,10,2,8,9
171,4,9,1,5,2,3,10,8,11,7,6
144,4,1,2,6,5,7,9,10,3,11,8
83,6,7,3,2,10,4,5,11,9,1,8
21,6,3,9,7,5,8,10,2,1,11,4
58,10,11,3,1,8,9,2,4,6,5,7
24,11,2,8,1,10,9,5,7,4,6,3
106,6,8,9,3,11,5,1,2,4,7,10
11,6,9,7,2,1,8,10,11,5,3,4
134,5,2,10,11,4,3,1,9,8,6,7
164,10,7,1,4,2,5,6,8,3,9,11
50,11,8,10,6,1,4,2,9,7,5,3
14,11,7,9,10,1,3,5,2,4,8,6
24,11,3,6,4,1,8,7,5,10,9,2
43,10,2,9,3,4,11,5,7,1,8,6
65,7,8,4,5,1,9,2,6,11,10,3
103,6,3,9,4,1,8,7,10,2,5,11
142,2,3,9,6,11,10,5,7,1,8,4
22,9,6,10,5,11,8,1,4,7,2,3
102,8,11,3,6,9,5,7,2,10,1,4
76,4,3,2,7,10,8,1,5,9,11,6
88,4,3,11,10,1,8,7,9,5,2,6
159,6,2,5,3,7,9,10,8,1,11,4
178,8,11,4,2,7,9,5,6,3,1,10
180,1,10,9,3,6,7,2,5,4,11,8
149,4,8,9,6,11,5,1,3,7,2,10
160,1,5,6,2,11,9,8,4,10,3,7
85,9,4,3,5,2,1,6,7,8,11,10
144,9,8,11,7,5,1,4,2,10,6,3
200,8,10,2,1,4,11,9,6,7,5,3
54,6,10,2,5,7,1,4,3,9,8,11
23,6,10,11,3,7,4,2,5,1,9,8
3,10,7,3,1,8,6,11,9,4,2,5
92,7,3,1,11,2,6,9,10,5,8,4
160,5,1,10,6,11,7,4,9,8,3,2
37,6,2,5,7,1,3,4,10,11,8,9
160,10,3,8,7,9,11,1,6,5,2,4
102,5,4,9,3,1,6,2,7,10,11,8
21,4,9,2,6,10,8,3,7,5,1,11
18,11,2,5,8,6,4,7,3,1,10,9
35,7,3,9,2,5,4,11,1,10,8,6
159,4,1,10,11,3,2,5,8,9,7,6
57,5,8,1,4,9,3,6,2,10,7,11
175,10,4,1,8,2,9,11,3,7,6,5
109,7,5,11,9,3,1,10,8,6,4,2
20,8,4,10,7,11,2,9,6,5,3,1
7,4,8,3,2,5,6,10,1,7,9,11
157,3,10,6,4,1,5,11,8,2,9,7
101,10,2,7,5,6,3,9,4,1,8,11
46,6,2,11,10,4,9,3,1,5,8,7
199,8,7,5,3,6,2,1,9,10,4,11
194,6,11,7,9,8,1,3,4,10,5,2
178,11,6,10,3,8,4,9,7,2,5,1
33,6,8,1,10,9,2,4,7,5,3,11
149,7,3,8,4,1,2,11,10,9,6,5
181,11,2,9,4,10,7,5,3,6,8,1
8,9,6,4,5,8,10,2,11,1,7,3
5,9,5,2,4,3,11,8,7,1,10,6
19,8,4,10,1,3,7,5,9,6,11,2
60,1,9,4,2,5,3,11,8,6,7,10
192,8,6,10,11,3,7,1,9,2,5,4
139,6,2,7,10,4,9,5,11,8,1,3
92,2,1,5,3,10,4,9,8,7,11,6
45,6,9,4,3,7,11,5,8,10,1,2
189,5,7,1,4,3,11,10,2,8,6,9
73,3,1,7,9,2,10,5,4,8,11,6
63,6,5,10,11,8,3,2,1,9,4,7
41,4,10,11,8,6,7,2,9,5,1,3
62,1,5,7,6,8,11,2,10,9,4,3
136,4,10,1,5,3,6,11,7,9,8,2
31,7,3,5,1,4,2,8,10,6,9,11
133,11,9,6,3,7,1,8,5,2,10,4
104,6,2,1,3,5,8,9,7,4,11,10
187,3,5,2,6,8,4,9,1,7,10,11
174,4,9,10,1,5,2,11,8,6,3,7
58,10,11,4,1,3,5,7,2,8,6,9
28,4,9,7,6,11,8,3,5,2,10,1
138,7,3,9,4,11,8,6,10,2,1,5
20,1,3,10,2,9,11,4,8,6,7,5
149,7,3,4,11,5,6,2,8,1,9,10
118,7,1,9,11,10,8,6,5,4,3,2
190,10,7,2,9,3,8,5,1,4,6,11
192,2,6,1,9,3,7,5,10,8,4,11
71,5,1,2,10,9,4,6,8,11,7,3
196,2,9,11,7,5,1,4,10,8,6,3
74,6,5,1,7,9,4,10,3,11,2,8
155,1,11,4,3,5,8,6,10,7,2,9
13,4,5,11,1,3,2,8,10,7,9,6
36,3,11,8,10,5,6,9,4,7,1,2
195,5,9,2,11,6,3,1,8,4,7,10
55,1,7,10,3,5,6,9,11,2,8,4
153,10,2,4,11,9,8,1,7,6,3,5
153,7,11,4,1,9,10,5,3,6,2,8
158,4,6,8,7,2,3,5,1,10,9,11
89,5,6,11,3,2,1,10,9,7,4,8
166,4,3,1,10,11,7,6,8,2,9,5
124,6,8,7,3,5,4,11,2,9,1,10
190,2,5,6,10,9,3,1,4,8,11,7
32,2,7,4,5,1,6,8,3,10,9,11
145,9,3,5,11,7,1,4,6,2,8,10
157,11,9,3,10,2,1,7,5,8,4,6
58,3,7,9,11,8,6,10,5,1,2,4
48,9,10,4,3,2,8,5,7,1,11,6
172,4,3,11,9,5,6,1,7,8,2,10
98,9,8,4,11,3,6,5,10,7,2,1
110,10,6,5,7,8,9,4,11,2,1,3
190,2,6,11,7,5,3,1,10,9,4,8
158,6,2,11,5,8,9,1,7,4,10,3
190,1,2,8,7,4,5,9,10,11,6,3
120,10,9,7,3,6,8,4,11,2,5,1
68,8,1,9,6,2,3,4,7,10,5,11
164,8,7,3,1,9,4,2,11,5,6,10
68,1,3,8,7,10,4,2,6,11,9,5
74,3,4,1,8,7,5,6,10,2,11,9
8,8,3,11,5,4,1,6,7,2,10,9
172,3,2,8,11,4,6,7,9,10,1,5
95,2,1,7,9,3,6,11,8,10,5,4
48,5,10,4,6,7,1,3,8,11,9,2
14,2,5,10,11,3,8,7,6,1,4,9
78,8,10,1,7,11,3,2,6,5,4,9
144,1,2,8,7,5,6,3,9,4,11,10
70,9,5,1,3,6,8,4,7,10,2,11
55,11,3,8,6,1,2,5,7,4,9,10
53,6,3,1,4,7,9,5,10,11,2,8
93,6,2,7,10,3,1,4,9,8,11,5
41,4,11,7,6,2,5,10,1,9,8,3
127,4,11,6,2,8,7,1,10,5,3,9
141,5,4,7,1,3,2,8,11,10,6,9
92,2,8,4,10,9,6,11,1,5,3,7
79,3,10,7,9,2,11,5,1,6,8,4
59,10,2,9,7,4,8,1,6,3,11,5
68,2,6,1,3,4,9,11,8,5,10,7
166,6,8,11,9,2,1,3,7,10,4,5
21,9,10,2,4,11,8,1,7,3,6,5
49,6,9,3,5,2,11,8,1,10,4,7
83,4,9,7,10,8,5,11,3,6,1,2
180,2,4,11,5,3,6,10,1,8,7,9
85,10,7,5,4,3,11,1,2,8,9,6
27,10,6,9,2,1,4,8,11,3,5,7
112,4,9,5,7,11,6,1,3,2,10,8
159,4,2,6,3,7,5,10,1,8,11,9
5,9,5,4,3,7,11,10,6,2,1,8
76,5,4,9,3,6,11,7,8,10,1,2
62,5,8,4,6,10,11,2,3,7,9,1
134,7,10,9,6,1,8,5,2,4,3,11
106,5,1,11,8,9,3,4,7,6,10,2
6,2,3,10,4,9,1,11,6,5,7,8
103,9,1,3,2,11,10,8,6,5,7,4
67,9,1,11,10,6,2,4,3,5,7,8
78,3,7,4,2,8,10,9,11,5,1,6
188,11,6,10,3,8,7,5,9,1,2,4
49,2,3,4,8,5,9,7,1,10,11,6
120,4,9,8,10,1,11,5,2,7,3,6
75,2,1,10,8,6,4,9,7,3,11,5
109,3,8,11,9,4,2,6,1,5,7,10
189,9,10,11,5,4,7,2,3,8,1,6
141,6,10,3,11,7,8,4,9,2,5,1
165,11,5,6,3,9,7,10,1,2,4,8
178,7,5,10,8,2,6,4,1,9,3,11
175,7,2,4,6,10,8,5,1,11,9,3
182,6,11,7,8,10,5,1,4,3,2,9
18,5,8,1,4,6,9,2,3,7,11,10
37,6,2,7,11,3,9,5,8,10,4,1
8,11,10,8,4,2,6,5,9,1,7,3
136,5,8,2,1,7,6,10,9,4,3,11
95,3,11,9,4,2,10,7,6,8,5,1
178,2,6,8,4,7,5,1,9,10,3,11
30,9,2,10,5,8,1,4,11,3,6,7
38,4,5,6,9,2,10,3,11,7,8,1
3,11,3,4,7,5,2,10,9,8,6,1
150,4,1,9,3,6,10,5,7,8,2,11
139,4,8,5,7,9,2,10,11,1,6,3
111,5,3,9,1,7,4,11,8,2,10,6
4,8,4,6,5,1,11,10,7,3,9,2
190,11,7,5,4,6,2,10,1,3,9,8
88,6,11,4,2,8,7,1,3,10,9,5
41,5,9,7,10,11,1,6,8,4,2,3
65,10,4,1,7,5,8,2,11,9,6,3
9,1,5,7,3,4,2,11,6,8,10,9
26,5,8,6,9,3,4,7,2,11,10,1
115,3,8,11,2,4,1,6,9,7,10,5
196,6,9,3,2,1,4,5,10,7,8,11
96,3,11,4,10,1,6,5,9,7,8,2
84,5,8,9,2,10,6,4,11,7,3,1
103,6,5,3,7,8,10,4,1,9,11,2
183,11,7,5,2,1,4,9,3,10,6,8
44,6,4,1,7,5,8,10,9,3,11,2
56,8,6,7,4,1,11,2,9,10,5,3
115,4,1,9,5,10,2,3,11,6,8,7
107,3,11,7,1,10,6,5,4,2,9,8
93,7,1,6,3,5,2,9,4,8,11,10
74,7,11,3,2,8,1,4,10,5,6,9
13,1,6,5,11,2,7,8,10,9,4,3
88,4,1,9,11,2,7,8,10,6,5,3
11,11,1,7,2,9,8,4,3,10,5,6
52,10,11,6,8,2,3,4,7,9,5,1
75,10,9,4,5,2,1,7,3,8,11,6
113,10,7,9,5,6,3,2,8,4,1,11
149,7,11,5,2,9,8,10,6,4,3,1
192,11,4,6,9,5,10,3,1,2,8,7
181,11,7,10,5,8,4,9,1,3,2,6
26,6,10,2,8,1,11,7,5,4,3,9
189,4,10,8,6,9,11,7,5,3,2,1
80,4,8,11,3,9,7,6,5,2,10,1
95,2,8,3,7,10,11,9,1,5,4,6
35,7,11,1,3,4,2,6,9,8,5,10
105,9,10,1,7,5,8,4,2,3,6,11
146,3,11,2,9,1,10,6,5,4,8,7
178,6,11,5,8,9,10,4,3,7,2,1
95,7,5,2,9,6,4,11,1,10,3,8
13,2,3,8,6,11,7,9,10,4,5,1
200,8,9,7,10,3,5,1,6,4,2,11
132,6,3,5,1,11,10,2,4,7,8,9
29,1,5,3,11,6,2,9,4,8,10,7
146,6,8,1,10,5,7,9,3,11,2,4
198,9,4,1,2,5,11,6,3,7,8,10
133,5,1,3,6,8,2,11,9,10,7,4
59,2,1,8,4,11,10,7,9,3,5,6
76,6,9,11,5,10,2,3,8,4,7,1
158,5,6,7,8,2,1,9,4,3,10,11
163,2,3,5,6,10,4,9,11,8,7,1
96,10,8,1,11,4,3,9,2,5,7,6
101,11,5,9,7,6,4,3,1,8,2,10
81,10,3,9,6,1,7,8,11,2,5,4
137,1,9,3,7,6,11,5,10,8,2,4
49,2,8,6,7,5,3,4,11,1,9,10
54,2,11,1,7,5,6,3,4,8,10,9
31,3,5,4,10,9,1,6,8,11,2,7
141,3,9,5,10,6,8,11,2,7,1,4
1,10,11,7,9,1,8,4,2,5,6,3
90,9,2,3,7,8,4,11,1,10,5,6
56,3,11,8,6,9,1,7,5,2,10,4
69,2,7,6,3,5,8,9,4,11,10,1
105,3,10,8,6,1,2,5,9,7,4,11
132,3,8,10,11,5,7,6,1,4,2,9
146,10,2,5,9,6,8,4,3,1,11,7
188,5,6,8,7,3,1,2,10,4,11,9
31,2,6,10,8,3,5,7,9,11,1,4
135,5,4,10,2,9,6,7,8,11,3,1
8,9,6,2,3,1,7,10,5,11,4,8
37,6,9,10,7,5,1,4,11,2,8,3
125,6,11,3,7,9,5,4,8,1,10,2
115,9,11,1,10,2,8,6,4,3,5,7
52,2,9,4,5,6,1,11,10,8,7,3
75,1,4,8,10,7,9,5,3,6,2,11
34,1,10,9,8,5,3,11,7,2,6,4
155,6,9,3,11,4,8,2,10,7,5,1
71,8,5,6,10,9,2,7,11,1,3,4
110,4,1,8,2,7,6,5,10,3,9,11
163,10,11,5,4,3,6,7,2,1,8,9
6,3,1,4,8,10,7,9,5,11,2,6
149,9,3,2,7,11,8,1,5,10,6,4
28,3,1,4,5,8,11,2,10,7,6,9
13,7,6,9,8,5,4,11,10,2,3,1
180,2,7,8,1,5,11,3,10,9,6,4
110,6,11,1,4,2,9,8,5,7,3,10
135,9,5,4,8,11,1,6,10,3,2,7
110,6,3,8,10,1,11,4,2,9,7,5
7,10,11,1,2,7,8,9,6,5,3,4
119,9,11,5,10,6,4,2,3,1,8,7
173,9,2,11,10,6,7,3,5,8,4,1
133,8,2,5,9,7,6,1,3,4,11,10
85,8,5,6,11,1,2,7,10,3,4,9
63,10,7,4,5,3,2,11,9,6,1,8
200,11,10,1,9,3,7,4,5,6,8,2
111,1,3,8,2,4,7,6,5,10,9,11
55,7,10,6,9,2,8,1,4,11,5,3
108,9,11,5,1,8,7,4,6,10,2,3
194,9,4,5,6,11,3,7,10,2,8,1
151,8,11,4,3,7,2,1,9,6,10,5
30,3,9,5,1,2,7,8,6,10,4,11
136,11,8,4,2,3,10,7,5,6,9,1
32,11,2,1,7,8,4,6,3,10,5,9
140,3,6,9,8,1,11,10,4,2,5,7
144,7,6,5,2,11,1,9,3,10,8,4
90,6,7,10,5,1,11,3,2,4,8,9
18,9,3,10,7,8,1,5,2,4,11,6
59,11,9,5,6,10,8,3,2,7,4,1
81,2,1,10,7,8,11,6,9,4,5,3
36,7,1,2,3,4,5,9,8,6,10,11
37,7,6,8,1,9,10,2,11,5,4,3
74,6,3,11,1,9,8,7,2,4,5,10
81,3,10,2,8,9,7,6,11,1,4,5
95,8,4,7,6,11,5,3,1,9,10,2
111,4,11,5,1,9,6,7,8,2,3,10
109,7,3,10,5,8,6,9,11,1,2,4
39,5,2,10,11,4,6,1,3,7,8,9
107,5,8,11,6,4,9,3,1,7,2,10
56,11,5,6,7,4,3,2,8,10,9,1
159,10,3,1,2,9,8,7,6,4,11,5
22,8,2,1,3,6,10,7,11,9,4,5
114,5,2,3,8,11,10,4,9,1,7,6
108,9,3,4,7,2,11,10,1,6,8,5
85,7,5,1,10,4,8,11,2,6,3,9
108,7,9,1,11,3,5,6,10,2,4,8
43,6,4,1,3,10,7,5,8,11,9,2
56,3,5,2,8,11,10,7,9,4,1,6
183,11,1,8,7,6,10,2,4,3,5,9
137,9,11,3,6,2,1,8,4,5,7,10
97,1,4,6,2,5,7,9,11,10,8,3
128,5,1,6,9,11,10,4,2,8,7,3
181,7,4,2,10,9,8,6,3,1,5,11
168,2,4,10,3,6,5,7,1,8,9,11
26,2,4,10,9,6,11,7,3,8,5,1
193,5,3,6,1,11,9,4,8,7,2,10
22,2,8,4,3,6,11,10,5,7,9,1
99,5,2,11,1,7,4,3,6,9,8,10
62,6,5,8,9,10,7,1,2,11,3,4
21,8,4,10,6,3,9,2,11,5,7,1
92,8,5,4,10,7,6,2,9,3,11,1
133,1,11,5,3,7,2,9,6,8,4,10
195,2,1,4,3,9,11,8,10,6,5,7
69,7,6,5,8,9,3,1,4,10,11,2
8,5,11,9,2,4,6,7,8,1,3,10
157,8,11,4,6,2,9,1,7,3,10,5
57,5,7,3,1,4,6,9,10,2,11,8
142,3,9,5,2,8,7,11,4,6,1,10
39,8,1,3,7,4,11,5,2,10,6,9
23,5,6,10,11,2,9,4,3,1,8,7
140,7,2,5,1,10,3,11,9,8,4,6
163,3,4,6,8,11,7,1,2,9,5,10
123,5,10,3,6,4,2,8,11,7,9,1
11,4,3,6,10,8,2,7,5,9,1,11
77,10,8,2,6,3,9,4,5,7,11,1
97,1,4,10,3,5,11,7,8,2,9,6
102,6,10,8,7,9,5,3,2,1,4,11
61,6,10,5,7,9,2,8,3,1,11,4
158,9,3,10,1,11,2,6,5,7,4,8
82,4,10,8,9,5,7,2,6,11,3,1
122,3,6,10,11,8,7,2,9,5,4,1
180,11,6,7,4,3,2,10,9,8,1,5
9,8,1,4,2,11,6,5,10,3,9,7
134,8,4,2,5,10,9,7,3,11,1,6
34,7,2,3,8,6,11,4,1,9,10,5
149,5,2,7,8,1,3,11,4,10,6,9
23,1,7,3,10,5,9,2,6,4,11,8
88,6,5,4,9,10,2,7,1,3,11,8
48,8,5,6,1,9,7,3,4,2,11,10
26,1,3,4,9,11,2,8,10,6,5,7
160,2,7,4,1,3,8,9,10,5,11,6
197,2,3,10,6,7,1,8,4,5,9,11
44,9,10,11,4,3,5,2,7,8,1,6
129,1,11,8,7,10,3,9,4,6,2,5
151,2,11,5,9,4,8,1,10,3,7,6
64,9,11,3,6,10,8,4,5,1,7,2
38,4,1,11,9,7,2,8,6,5,3,10
112,6,4,3,10,1,9,7,5,2,11,8
153,11,2,10,3,1,8,7,4,6,9,5
191,5,1,8,7,9,4,10,2,6,11,3
111,5,2,4,11,1,3,10,8,6,9,7
7,11,10,3,9,5,7,2,4,6,8,1
87,4,1,6,3,11,5,8,7,10,2,9
93,3,9,4,7,1,10,8,6,5,2,11
64,1,6,10,9,2,3,5,8,7,4,11
71,6,7,9,10,5,8,11,1,2,4,3
119,3,8,5,7,4,2,6,9,1,11,10
193,1,5,11,9,7,3,10,8,4,2,6
63,11,8,2,9,7,3,4,6,5,1,10
132,10,1,6,7,9,4,2,8,11,3,5
131,7,11,2,1,8,10,5,4,9,3,6
80,2,6,8,1,11,3,10,7,5,4,9
82,2,11,10,3,5,6,1,9,8,7,4
167,10,7,4,9,6,3,1,5,8,11,2
134,8,5,10,1,7,9,4,6,2,3,11
24,1,8,9,10,5,7,11,4,3,2,6
142,1,8,2,6,5,7,9,10,4,11,3
70,7,1,9,6,11,2,5,8,10,4,3
87,9,11,8,2,5,10,7,3,6,1,4
156,9,3,2,10,7,11,5,8,1,6,4
17,2,3,10,4,9,8,6,11,7,1,5
178,10,1,4,5,2,7,3,6,9,8,11
155,2,10,9,5,4,3,7,8,11,1,6
187,4,9,7,1,10,3,11,8,5,6,2
151,11,6,10,1,5,4,2,8,3,7,9
168,9,5,1,6,11,4,2,8,3,10,7
100,8,5,3,10,6,11,1,4,7,9,2
132,2,10,1,9,6,5,11,8,3,4,7
158,3,11,8,10,6,4,9,7,1,5,2
104,7,9,8,5,10,2,3,11,4,1,6
155,9,8,10,2,7,1,5,4,3,6,11
96,10,5,2,8,7,11,9,4,3,6,1
146,1,4,8,9,10,11,7,6,5,2,3
138,1,8,3,9,11,5,6,4,7,10,2
4,7,9,10,2,6,4,3,1,8,5,11
187,9,4,11,5,8,3,10,2,7,6,1
3,9,3,10,4,6,7,5,11,8,2,1
167,10,7,9,2,5,1,11,3,4,6,8
137,3,7,10,6,9,8,1,5,2,11,4
135,3,4,10,2,6,9,8,5,11,1,7
142,7,4,11,8,3,1,10,9,2,6,5
78,11,2,7,4,9,10,5,6,8,1,3
32,11,1,3,6,10,9,2,7,5,8,4
117,2,11,8,6,5,9,10,3,4,1,7
193,9,1,7,6,5,3,10,8,4,2,11
140,3,11,9,5,1,8,6,7,4,2,10
55,3,2,4,6,10,5,8,1,7,9,11
130,5,10,2,11,7,3,1,8,9,6,4
130,6,1,8,5,2,9,4,7,11,3,10
70,1,11,4,9,8,10,3,6,5,7,2
195,9,1,2,3,11,8,7,10,5,4,6
23,7,4,9,3,8,5,1,10,2,11,6
67,6,4,8,3,7,1,10,5,2,11,9
71,2,11,10,7,4,9,5,3,6,1,8
95,8,11,10,3,6,7,4,1,2,5,9
158,9,8,5,3,11,10,1,4,7,2,6
187,9,6,3,2,8,1,11,5,10,7,4
99,7,9,11,5,2,4,3,8,6,1,10
2,7,1,5,6,9,4,3,2,11,8,10
52,8,11,3,9,7,10,1,4,2,5,6
128,10,8,11,9,2,7,1,5,4,6,3
151,4,7,3,9,11,1,8,10,5,2,6
87,6,3,11,10,8,2,7,4,1,9,5
60,6,5,11,8,7,2,1,4,9,10,3
158,3,4,2,10,1,11,7,6,9,8,5
128,5,3,10,6,1,11,8,2,9,4,7
150,5,1,6,10,9,11,3,8,4,7,2
115,9,5,10,7,6,3,2,1,8,4,11
16,2,9,1,8,5,7,6,11,4,10,3
126,11,5,7,6,8,4,9,3,10,1,2
177,1,11,4,2,10,6,9,7,3,8,5
11,11,3,7,6,9,8,1,10,5,2,4
183,10,5,11,4,3,7,6,1,2,8,9
149,8,9,11,6,10,2,1,3,4,7,5
154,9,11,3,8,6,5,1,2,10,4,7
14,11,1,6,2,9,5,8,4,3,7,10
108,2,8,4,5,11,6,9,10,3,7,1
193,9,2,10,5,8,3,7,1,6,11,4
144,3,10,5,9,11,6,8,4,1,2,7
142,10,1,7,8,9,2,6,5,3,11,4
74,3,8,4,7,6,10,5,11,9,1,2
110,10,5,2,1,3,6,9,11,8,7,4
186,10,4,11,9,8,7,1,3,2,6,5
5,4,9,8,5,10,6,7,3,2,1,11
183,8,5,6,3,10,2,11,9,7,4,1
45,6,10,8,3,11,4,1,7,9,5,2
17,3,2,7,4,1,6,9,10,8,5,11
199,4,5,8,6,11,10,2,3,1,9,7
150,6,10,1,4,8,7,11,2,3,5,9
46,11,7,3,10,4,8,2,1,5,9,6
94,8,10,5,6,1,7,4,11,2,3,9
13,1,2,6,10,4,3,11,9,8,7,5
116,8,7,10,3,11,9,5,4,1,2,6
129,9,8,2,4,7,3,10,6,5,11,1
60,5,7,4,1,6,8,9,2,11,10,3
53,4,9,2,11,3,7,10,5,8,6,1
150,11,2,3,7,9,6,5,8,4,1,10
157,7,11,3,9,5,10,1,8,4,2,6
77,3,5,10,11,6,1,7,8,4,2,9
36,8,5,6,2,3,1,4,7,10,9,11
90,2,1,7,5,9,10,11,4,8,6,3
37,6,4,8,10,2,3,5,11,9,1,7
31,11,8,4,5,9,3,10,7,6,1,2
88,2,10,7,11,9,8,1,3,5,4,6
95,4,8,10,2,3,5,1,11,7,6,9
116,7,9,10,1,2,4,3,11,6,8,5
39,10,5,2,7,1,9,11,6,4,3,8
149,1,11,6,8,7,10,2,4,3,9,5
144,2,3,4,10,9,6,11,8,1,7,5
68,5,9,1,6,11,4,7,2,10,3,8
178,2,9,11,4,8,6,5,7,10,3,1
3,1,5,6,2,9,8,7,11,10,4,3
97,1,8,9,3,7,11,6,5,2,10,4
44,1,11,3,10,6,8,4,7,2,9,5
15,3,9,6,8,11,5,10,2,4,1,7
192,5,3,9,2,6,10,11,8,1,4,7
177,11,3,8,10,5,7,1,9,4,6,2
105,8,7,1,10,3,4,6,9,5,2,11
89,1,3,6,5,11,8,2,4,9,10,7
3,3,5,8,2,7,9,4,10,1,6,11
81,2,3,7,11,1,8,6,5,10,4,9
159,3,9,6,7,4,2,10,11,5,1,8
164,5,2,6,3,4,1,8,9,7,10,11
47,8,2,10,1,6,9,11,4,3,5,7
3,7,10,2,5,8,9,1,4,6,3,11
174,11,7,5,4,8,1,10,3,9,6,2
138,6,10,4,1,2,11,5,3,9,8,7
51,8,2,7,3,11,5,6,9,10,1,4
131,1,8,5,3,6,7,2,4,9,11,10
16,10,2,4,7,1,8,5,3,9,11,6
116,10,7,6,8,2,4,5,11,9,1,3
158,10,9,11,4,8,2,6,7,5,3,1
164,7,5,6,3,10,1,9,8,11,4,2
186,4,7,11,3,2,5,8,1,9,10,6
24,1,8,6,2,9,7,4,10,3,11,5
189,11,2,5,8,1,6,10,7,4,3,9
99,1,2,6,11,7,5,4,8,3,10,9
42,11,2,6,3,10,7,8,5,9,4,1
193,10,7,9,11,8,6,4,1,3,2,5
150,3,4,7,8,5,1,11,10,9,6,2
195,5,7,8,10,3,4,2,9,11,1,6
112,2,1,8,11,9,6,3,10,7,4,5
152,5,7,4,10,1,8,9,6,11,3,2
185,4,7,5,6,9,2,3,1,10,8,11
66,6,11,3,9,5,7,10,2,8,4,1
130,10,8,6,1,9,3,7,11,4,5,2
81,4,11,10,2,6,5,8,7,3,9,1
186,5,10,11,7,2,9,6,3,8,4,1
73,1,9,7,8,11,10,4,6,3,5,2
168,9,3,8,4,6,1,5,7,2,11,10
64,8,5,1,10,6,7,4,9,11,3,2
47,9,6,5,3,4,8,1,7,11,2,10
36,9,3,8,11,4,2,1,6,10,7,5
24,7,6,2,3,8,1,11,10,4,9,5
145,2,3,8,11,5,4,1,9,7,6,10
91,7,4,5,9,6,11,10,3,8,2,1
49,4,8,7,3,2,6,11,5,10,9,1
138,3,10,4,2,11,9,1,7,8,6,5
172,7,3,4,10,8,2,5,9,6,11,1
20,5,4,2,6,10,3,1,11,8,7,9
143,7,5,2,10,4,11,9,3,6,1,8
167,11,1,2,6,7,10,4,9,3,5,8
111,10,3,1,2,7,9,8,11,4,6,5
85,3,10,7,9,4,11,8,5,1,6,2
81,5,10,8,1,6,3,4,2,7,11,9
95,3,11,4,9,1,10,7,8,6,5,2
49,7,3,2,6,5,4,11,1,10,9,8
68,1,6,10,9,2,7,3,5,4,8,11
115,5,4,9,7,2,6,1,10,8,11,3
190,6,8,7,2,1,4,11,5,10,9,3
27,10,1,3,11,9,6,8,7,4,5,2
51,2,8,1,5,7,4,3,11,9,10,6
97,7,11,4,3,8,5,1,2,9,10,6
121,3,5,1,2,4,9,8,7,6,11,10
167,1,3,2,11,5,7,9,4,8,10,6
14,7,10,8,1,2,4,9,6,11,3,5
154,8,5,3,4,7,10,11,9,6,1,2
93,11,8,2,6,4,7,10,1,5,9,3
95,5,10,8,11,4,2,9,7,3,1,6
8,4,1,5,11,7,9,2,8,6,10,3
98,3,6,1,8,7,5,2,10,11,4,9
164,9,8,11,2,1,7,4,6,3,5,10
5,1,3,7,9,6,8,11,5,4,2,10
99,3,1,4,10,7,9,6,11,8,5,2
121,2,11,5,6,3,7,10,4,8,1,9
154,11,4,7,8,2,5,1,6,10,9,3
1,1,5,2,7,4,9,11,10,6,3,8
64,5,11,1,8,4,10,7,6,2,9,3
56,9,3,7,2,6,8,5,4,1,10,11
156,11,7,6,4,9,2,3,8,5,10,1
104,6,9,2,4,7,8,1,5,10,3,11
149,9,4,2,8,1,11,10,5,3,7,6
101,10,11,8,1,9,2,7,4,3,5,6
72,11,4,7,6,10,8,9,3,2,5,1
127,1,3,8,9,7,6,5,2,4,10,11
200,2,9,3,11,10,1,7,8,5,4,6
181,10,8,3,9,1,6,5,11,2,4,7
82,1,9,11,6,10,2,3,7,5,4,8
103,2,11,4,8,6,9,1,7,3,5,10
16,4,9,1,6,2,8,10,7,5,3,11
108,5,3,11,1,10,2,9,7,8,6,4
149,10,3,4,1,6,8,9,2,11,7,5
155,6,10,2,4,9,11,1,7,5,8,3
46,7,2,6,1,8,5,4,9,11,3,10
130,10,5,2,7,11,8,6,9,3,1,4
159,6,8,2,4,11,10,5,9,7,3,1
144,2,3,9,7,4,6,11,1,10,8,5
146,11,8,5,7,6,1,4,3,2,9,10
51,8,1,5,7,2,9,11,4,6,10,3
4,2,4,5,3,1,6,10,8,11,9,7
82,9,11,2,3,7,10,4,5,6,8,1
8,7,2,8,10,9,4,6,1,5,11,3
168,4,11,1,7,6,10,9,2,8,5,3
111,11,2,7,9,8,6,4,1,3,10,5
138,10,7,1,5,8,3,11,9,4,6,2
96,5,7,6,3,2,4,10,1,8,11,9
165,1,10,2,6,4,11,7,5,9,8,3
28,5,9,11,2,8,1,6,3,10,4,7
36,8,2,7,5,9,1,4,10,3,11,6
62,7,11,5,1,4,6,10,3,2,8,9
145,7,5,6,9,3,4,11,2,8,10,1
122,6,9,11,7,8,2,5,10,1,3,4
59,8,4,7,11,3,6,5,9,1,2,10
119,8,5,9,4,11,2,1,10,3,7,6
145,6,9,11,3,7,1,8,10,5,2,4
97,8,11,5,3,9,10,4,2,1,7,6
9,4,1,6,2,7,8,11,9,10,3,5
113,4,9,3,1,11,6,7,2,8,5,10
66,4,6,8,9,2,3,10,1,7,11,5
141,11,3,4,5,1,7,8,2,10,6,9
127,11,10,8,2,4,6,1,5,7,9,3
47,4,6,5,8,1,10,11,3,7,9,2
139,9,4,10,5,7,2,8,3,1,11,6
138,6,4,7,5,2,8,9,10,1,11,3
123,11,9,7,3,10,4,6,8,5,1,2
125,4,2,9,3,1,7,11,8,6,10,5
53,5,7,4,2,3,10,8,1,6,11,9
174,9,7,4,8,1,3,5,11,2,6,10
15,7,3,11,6,2,9,4,8,1,10,5
131,5,7,3,2,1,11,4,9,10,8,6
161,3,9,4,7,11,6,1,10,8,2,5
54,3,9,6,11,7,4,2,5,1,10,8
198,1,5,8,7,9,11,6,2,4,3,10
6,8,7,5,9,11,3,10,2,4,1,6
153,4,5,11,7,3,10,9,6,8,2,1
23,1,2,7,4,5,3,8,11,9,6,10
26,6,5,10,4,11,3,8,2,7,1,9
16,5,1,8,6,11,4,9,7,2,3,10
167,3,4,1,7,2,6,8,11,9,10,5
114,11,10,9,7,6,3,1,8,5,4,2
128,3,11,5,7,8,6,1,9,2,4,10
107,5,3,1,11,4,7,6,10,2,8,9
36,10,6,1,9,4,11,5,2,7,3,8
96,11,4,3,9,6,2,7,5,1,10,8
190,6,3,11,1,10,8,2,4,5,9,7
72,4,6,3,7,10,1,9,2,5,8,11
59,8,7,9,6,3,5,10,2,4,1,11
155,7,8,2,4,11,10,9,6,3,1,5
13,4,2,5,7,11,9,3,8,6,10,1
83,7,4,5,11,2,6,8,9,1,10,3
172,11,4,7,10,6,5,8,3,1,9,2
49,4,3,6,7,8,2,10,11,1,9,5
147,11,5,7,10,9,8,4,1,6,2,3
119,7,2,3,11,1,9,5,8,4,10,6
190,3,7,2,10,8,4,1,5,6,9,11
190,5,4,1,6,9,8,10,3,11,2,7
160,1,8,7,2,10,9,6,11,5,4,3
97,1,11,9,6,5,7,4,10,3,2,8
8,6,7,3,8,5,1,4,11,9,10,2
24,1,10,2,3,4,6,11,7,5,8,9
89,2,7,3,9,8,1,11,10,5,6,4
3,8,2,7,3,9,6,11,1,10,5,4
18,6,8,11,3,2,10,7,9,1,5,4
118,3,1,5,6,11,4,10,8,7,2,9
89,5,11,2,3,7,8,9,10,6,1,4
65,2,3,1,7,5,8,6,11,9,4,10
109,4,10,3,2,5,11,1,9,6,7,8
195,9,6,10,7,4,3,8,5,2,11,1
98,1,5,7,9,4,11,2,6,10,3,8
176,11,10,4,3,1,7,5,9,2,8,6
100,3,7,2,10,6,1,4,9,8,11,5
32,1,11,3,2,7,8,5,4,10,9,6
127,5,3,4,1,11,9,7,6,8,2,10
52,7,4,6,8,1,9,10,3,5,11,2
7,5,3,6,7,9,8,4,11,10,2,1
52,8,3,10,5,4,7,11,1,9,2,6
95,3,10,7,11,2,9,6,8,4,5,1
131,7,6,4,11,2,5,8,9,10,3,1
36,6,3,5,2,4,1,7,8,10,11,9
159,8,7,3,10,5,6,1,9,4,2,11
31,9,5,6,10,11,7,2,4,3,8,1
66,11,8,10,7,9,4,2,3,5,1,6
46,11,9,3,5,2,8,7,1,4,10,6
151,6,9,1,2,10,7,3,11,4,5,8
166,6,1,10,7,3,9,4,2,11,5,8
123,10,11,4,9,7,1,3,8,6,5,2
110,4,3,9,1,8,5,10,7,11,2,6
199,11,8,10,7,1,9,3,2,4,6,5
1,5,7,6,4,1,3,2,10,9,11,8
84,9,10,3,5,2,1,7,6,11,8,4
96,7,4,3,5,2,8,9,6,11,1,10
81,7,1,6,8,10,2,9,4,3,5,11
198,9,2,11,5,6,4,7,8,10,1,3
199,5,8,9,2,11,10,4,3,7,6,1
122,8,4,11,5,1,3,6,2,10,7,9
82,3,10,6,11,2,4,1,8,5,9,7
195,6,4,10,3,9,7,1,2,11,5,8
27,6,5,1,8,9,10,7,2,4,3,11
54,2,5,6,3,10,8,9,11,7,4,1
198,8,5,10,3,4,11,7,6,2,9,1
132,10,6,9,1,4,11,5,3,7,2,8
82,7,1,11,4,6,8,9,3,5,2,10
142,3,4,8,7,6,9,2,1,10,5,11
177,8,1,9,10,6,5,11,3,7,4,2
58,11,7,3,6,2,8,5,9,4,10,1
113,6,9,3,4,11,2,1,8,10,5,7
196,11,8,3,2,5,1,4,9,7,10,6
85,2,1,9,8,6,11,3,4,10,5,7
88,5,9,10,7,11,6,1,2,8,4,3
186,10,4,2,11,1,9,5,3,6,8,7
165,3,2,10,9,11,8,5,1,6,7,4
102,6,7,5,9,4,10,1,2,11,8,3
114,2,8,6,9,7,5,3,11,10,1,4
141,11,1,9,6,2,7,5,4,8,10,3
19,10,2,8,4,3,7,6,1,9,5,11
104,2,3,6,11,10,7,5,1,8,9,4
175,6,11,9,4,10,8,1,2,7,3,5
7,2,11,6,9,7,5,1,4,3,8,10
115,4,3,10,8,7,5,6,1,2,9,11
31,11,9,2,5,4,8,3,7,10,1,6
43,1,9,3,4,7,6,8,11,5,2,10
138,4,2,11,9,3,8,1,5,10,7,6
121,11,7,8,5,9,2,1,6,4,3,10
30,8,2,7,4,10,9,1,5,11,3,6
91,9,3,2,8,11,6,4,7,1,5,10
63,9,3,8,10,5,11,7,6,2,4,1
151,1,7,3,8,11,2,6,10,5,9,4
84,5,4,9,8,1,7,2,6,10,3,11
96,10,4,3,9,6,1,8,5,7,11,2
1,10,6,7,3,8,2,9,1,5,11,4
71,3,8,4,2,6,10,7,1,11,5,9
121,8,11,4,7,2,5,6,1,10,9,3
192,10,6,8,1,9,7,3,4,5,11,2
117,8,7,10,11,2,1,6,3,4,5,9
23,9,7,5,2,6,8,10,11,4,3,1
95,10,6,11,2,4,7,5,1,9,3,8
68,4,7,5,11,9,2,1,10,8,6,3
170,2,9,10,11,8,7,6,3,4,1,5
100,1,3,4,8,6,10,7,2,5,11,9
12,10,9,1,11,2,4,5,8,3,7,6
1,5,2,11,10,1,8,6,9,4,7,3
136,7,2,10,5,9,8,11,6,4,3,1
34,4,10,3,11,8,6,5,1,7,2,9
122,3,4,2,7,5,8,6,11,9,1,10
176,4,9,3,2,7,6,5,8,10,1,11
116,4,11,5,10,6,1,7,8,3,2,9
74,10,7,11,2,3,9,1,8,4,6,5
50,8,9,11,6,2,3,7,1,10,4,5
147,10,8,6,3,5,2,7,9,11,1,4
27,5,11,3,6,4,1,9,8,10,7,2
164,1,6,10,8,4,5,2,7,11,3,9
122,1,5,3,6,10,2,7,9,8,11,4
18,1,6,7,8,2,11,10,9,5,3,4
176,1,9,6,2,7,3,8,10,5,4,11
101,5,4,11,9,8,7,2,6,1,10,3
151,8,5,10,1,9,7,3,4,11,2,6
82,7,8,6,5,3,11,9,10,2,4,1
110,11,1,10,9,8,3,7,5,4,2,6
95,6,4,3,7,10,9,2,1,8,5,11
87,9,11,6,4,10,2,5,1,8,7,3
70,6,1,8,3,5,11,4,2,10,9,7
184,10,4,6,1,3,7,11,2,5,8,9
14,1,10,2,9,7,3,6,11,5,4,8
121,1,8,4,10,2,3,6,9,7,5,11
120,7,11,6,3,10,9,1,5,4,8,2
163,2,7,8,1,11,9,5,3,6,4,10
86,7,4,3,6,11,1,8,9,10,2,5
97,10,7,5,9,1,6,3,11,2,4,8
71,9,10,8,11,1,3,4,7,2,6,5
42,8,5,7,4,10,9,3,1,11,2,6
142,10,6,5,4,3,2,1,9,7,11,8
1,8,7,10,11,2,3,4,5,1,6,9
159,3,8,7,11,5,4,1,6,2,10,9
196,8,6,7,5,2,1,4,10,11,3,9
114,11,1,7,6,3,10,8,4,5,9,2
73,9,11,6,8,3,4,1,5,10,2,7
30,9,11,10,8,5,3,2,4,1,7,6
116,6,9,10,2,7,11,8,5,3,1,4
127,10,9,6,3,8,5,11,1,7,4,2
70,7,1,2,11,6,8,3,10,9,4,5
113,1,10,5,4,11,6,2,8,7,9,3
94,4,10,6,11,2,8,5,7,9,1,3
198,7,8,1,3,11,10,9,2,5,6,4
50,10,11,1,4,2,6,5,8,7,3,9
162,5,11,9,8,3,7,2,6,10,1,4
96,10,8,3,2,4,5,1,11,7,6,9
97,8,7,6,3,1,4,11,10,2,9,5
179,6,3,1,10,7,5,9,2,11,4,8
147,2,4,1,11,3,9,6,5,10,8,7
13,4,8,5,10,6,2,9,1,3,7,11
33,11,2,10,4,8,6,3,7,5,9,1
144,10,3,4,2,7,9,11,8,5,6,1
103,11,1,8,4,9,6,2,3,5,7,10
69,2,9,1,10,5,4,6,7,11,3,8
177,5,4,6,7,1,9,11,2,10,8,3
167,4,6,1,2,8,11,3,10,9,5,7
97,10,11,1,3,7,9,4,2,5,8,6
71,10,3,4,9,1,11,8,5,7,2,6
176,8,7,6,11,3,1,2,5,10,9,4
129,6,8,10,4,1,2,9,7,3,5,11
139,3,9,7,1,10,6,2,5,4,8,11
151,1,11,7,8,10,5,4,2,3,6,9
104,1,7,5,10,9,6,8,3,11,2,4
165,8,5,3,1,4,7,6,11,2,10,9
88,10,3,5,7,8,6,1,2,11,4,9
10,6,3,10,1,11,4,2,9,7,8,5
168,9,7,6,4,10,1,8,3,2,5,11
166,9,6,4,5,11,8,2,3,7,1,10
87,6,3,2,1,11,8,5,10,4,9,7
73,3,1,2,8,4,7,9,11,6,10,5
138,11,8,7,10,3,4,9,6,2,1,5
139,8,1,6,9,7,4,10,11,2,5,3
191,8,11,4,9,1,3,10,5,2,7,6
84,3,2,9,4,11,6,1,5,7,8,10
111,11,8,5,6,1,3,9,2,4,10,7
110,9,11,2,5,4,1,3,8,10,7,6
142,1,7,9,5,2,11,4,3,10,6,8
141,10,6,5,1,4,2,8,7,3,9,11
189,4,8,10,7,3,6,1,9,5,2,11
0,7,8,11,3,4,9,2,6,5,10,1
132,4,1,3,2,6,7,9,10,11,5,8
162,10,6,7,9,3,8,1,5,2,4,11
150,9,4,6,1,3,5,8,11,2,7,10
105,7,2,3,10,5,6,9,11,1,8,4
49,5,9,2,8,10,6,3,7,4,11,1
45,9,7,6,1,3,2,10,4,5,8,11
165,4,6,1,7,3,8,5,9,2,11,10
195,7,8,11,9,4,2,1,6,10,3,5
10,8,11,5,4,9,2,1,3,7,10,6
50,5,11,4,8,10,2,7,6,3,1,9
167,4,5,6,2,7,11,10,9,8,3,1
101,5,9,3,8,11,4,10,1,2,6,7
152,11,9,1,3,2,8,5,6,7,4,10
14,6,8,2,1,9,5,11,10,3,7,4
129,6,11,3,2,9,4,10,7,1,5,8
162,4,1,6,10,2,11,5,9,7,8,3
99,5,2,6,8,11,3,1,9,7,4,10
65,4,9,2,3,8,10,7,6,5,11,1
93,7,5,9,10,3,6,1,2,8,11,4
44,8,1,9,2,4,6,11,7,3,5,10
185,7,1,10,11,6,3,4,8,5,2,9
172,11,8,7,1,3,6,10,9,5,4,2
63,3,7,5,6,9,10,1,2,8,4,11
48,9,2,6,10,1,4,5,3,8,11,7
35,10,6,8,9,1,3,4,2,11,5,7
186,7,1,4,2,9,10,6,8,5,3,11
110,6,9,8,11,5,4,1,7,10,3,2
178,1,7,10,8,6,11,4,2,3,5,9
22,10,4,8,2,5,1,11,6,9,3,7
123,2,8,11,9,3,5,4,7,1,10,6
2,4,3,9,11,10,5,8,2,7,1,6
129,4,8,6,5,3,9,2,10,11,1,7
30,7,6,2,5,9,4,1,3,8,11,10
16,5,3,9,6,11,8,10,7,1,4,2
148,7,4,9,1,6,5,3,8,10,11,2
25,8,4,10,7,5,1,9,2,3,11,6
46,9,10,7,3,1,8,2,6,5,11,4
119,9,5,4,3,10,11,1,6,7,8,2
141,7,9,8,11,10,2,1,3,5,6,4
41,3,4,6,8,5,2,1,7,9,11,10
77,1,7,4,2,5,8,6,3,10,9,11
102,7,10,3,6,9,2,1,11,4,8,5
129,8,3,1,2,4,5,10,11,9,7,6
87,6,4,9,7,3,8,2,1,5,11,10
1,11,4,7,3,10,1,5,6,9,2,8
125,2,9,5,1,4,8,6,11,7,3,10
91,6,4,10,9,11,3,8,7,2,5,1
8,4,9,1,8,7,5,6,11,10,2,3
192,1,9,6,8,11,10,4,5,7,2,3
81,6,9,4,3,11,1,5,10,7,2,8
28,8,6,7,1,3,11,9,2,5,4,10
137,5,1,4,6,10,9,3,7,2,8,11
164,4,8,7,9,11,5,3,2,6,10,1
73,1,2,7,6,8,3,9,5,4,10,11
131,6,10,2,9,3,5,1,11,4,8,7
16,5,11,3,1,10,6,4,8,7,9,2
178,11,1,10,9,7,4,2,3,6,5,8
160,11,9,3,4,6,7,5,8,10,2,1
187,11,5,9,7,10,2,4,1,8,6,3
123,11,9,4,6,2,10,3,1,5,8,7
148,7,6,8,4,3,11,1,10,9,2,5
145,8,1,5,3,7,4,11,9,6,2,10
57,10,11,5,9,1,7,6,4,8,2,3
134,4,2,1,6,5,9,10,8,3,7,11
54,1,4,8,2,3,5,10,9,11,6,7
75,10,7,3,9,5,2,11,1,8,6,4
131,1,5,6,4,2,10,9,7,8,3,11
80,11,5,6,2,7,1,10,8,9,4,3
157,7,9,8,1,2,5,4,6,11,3,10
168,8,9,5,3,10,2,7,11,1,6,4
123,7,1,4,10,8,5,11,9,2,6,3
170,7,6,11,9,10,5,3,1,8,4,2
52,7,8,10,11,2,3,1,4,6,9,5
140,7,6,1,3,2,9,4,5,11,8,10
54,10,11,7,1,9,2,5,6,4,3,8
131,10,1,7,8,4,6,9,2,11,3,5
157,11,1,9,4,10,7,2,5,6,3,8
153,6,4,9,2,11,7,5,1,3,10,8
95,4,2,11,10,1,9,3,5,7,8,6
188,10,6,5,1,2,9,8,4,3,7,11
125,6,5,11,1,2,8,7,10,9,4,3
8,1,2,3,7,11,10,9,5,6,8,4
86,1,10,11,5,6,7,4,3,2,8,9
197,10,6,1,5,8,9,2,4,3,7,11
83,10,4,5,7,2,3,1,8,6,11,9
36,4,1,9,11,3,8,5,7,10,6,2
148,11,10,4,9,8,1,2,6,5,7,3
8,11,9,6,8,2,1,7,4,10,5,3
151,5,11,7,10,8,6,1,2,9,3,4
13,10,4,11,9,7,8,5,6,3,2,1
128,5,3,2,11,9,4,8,1,7,6,10
67,5,1,2,8,4,7,10,6,3,9,11
36,11,9,10,1,7,8,6,3,5,4,2
115,8,9,6,4,2,10,3,1,5,11,7
25,6,1,11,4,2,5,3,7,9,8,10
8,2,1,3,9,8,10,7,4,11,5,6
173,1,6,8,11,9,3,7,2,5,10,4
165,7,4,1,2,6,11,10,5,8,9,3
21,10,2,9,4,6,1,3,11,7,5,8
41,6,9,10,7,3,4,5,1,11,8,2
53,8,5,6,1,11,9,2,7,10,4,3
175,3,1,5,4,2,10,9,11,6,7,8
172,2,4,1,7,8,10,11,9,3,5,6
6,9,1,7,11,6,8,2,5,3,10,4
165,10,5,11,8,7,4,6,3,9,1,2
109,4,6,3,2,9,10,5,7,8,11,1
110,10,9,5,7,2,3,6,4,11,1,8
0,7,3,1,9,10,11,5,2,4,6,8
150,9,11,5,6,7,4,1,8,10,2,3
46,10,3,2,9,1,6,11,5,8,7,4
132,2,11,3,10,6,4,9,8,1,5,7
51,6,10,2,11,8,9,5,1,3,4,7
43,10,3,11,2,4,9,5,8,6,7,1
116,11,1,7,2,10,3,5,6,8,9,4
91,7,11,2,6,3,4,1,5,9,10,8
131,3,1,7,2,8,11,6,10,5,4,9
57,2,5,7,6,1,11,4,9,8,10,3
72,8,4,6,2,10,7,11,3,5,9,1
138,9,2,6,11,1,8,10,7,3,5,4
32,10,3,5,9,4,2,8,11,6,1,7
175,11,6,7,9,2,1,10,8,3,4,5
189,8,6,2,9,4,5,1,11,10,3,7
72,8,5,11,7,10,2,6,3,1,9,4
96,4,10,5,8,6,11,9,1,2,3,7
30,10,1,6,11,4,9,7,3,5,8,2
74,1,4,7,6,8,11,5,10,2,9,3
166,4,7,8,2,9,1,5,11,6,3,10
40,6,11,9,4,7,10,3,1,5,2,8
21,8,9,7,5,2,4,3,6,10,11,1
189,1,8,6,3,9,5,7,11,2,10,4
135,4,5,2,9,3,8,7,10,11,1,6
5,8,4,5,7,1,11,2,9,6,10,3
62,6,7,4,11,1,10,2,3,5,9,8
81,4,8,3,6,11,9,7,10,2,1,5
34,4,3,10,7,11,5,2,1,9,8,6
109,1,8,7,9,2,3,6,10,5,4,11
149,11,9,6,4,8,2,1,10,7,5,3
190,1,9,2,7,4,10,5,3,8,6,11
81,2,5,1,7,8,3,9,4,6,11,10
114,2,5,4,3,6,10,9,7,11,8,1
63,5,10,3,6,7,4,11,8,2,1,9
16,7,3,11,2,6,1,4,9,10,8,5
41,10,5,9,8,6,11,1,2,3,7,4
124,10,2,9,5,3,11,1,4,7,6,8
115,7,11,2,6,10,9,4,8,5,3,1
96,9,3,10,7,2,5,6,1,4,8,11
71,10,3,9,8,1,4,5,11,2,6,7
112,8,9,5,2,6,7,4,10,1,11,3
180,2,7,3,4,5,1,6,10,8,9,11
154,10,6,8,11,5,9,7,1,3,2,4
191,2,1,5,4,3,9,8,6,10,11,7
90,3,7,8,1,10,2,6,11,9,5,4
12,7,10,2,6,8,5,11,9,1,4,3
39,9,4,5,3,7,11,6,2,1,10,8
146,4,7,3,6,9,8,2,11,1,5,10
61,5,2,4,8,10,11,3,7,9,1,6
190,4,11,10,2,7,8,1,9,5,6,3
137,10,9,6,7,3,2,8,11,5,1,4
114,5,7,11,8,10,4,9,2,6,1,3
58,1,4,2,7,3,8,11,6,9,5,10
168,5,8,11,3,4,7,1,2,6,10,9
150,11,3,1,10,7,5,9,6,2,4,8
108,9,3,6,10,4,11,7,5,2,1,8
87,10,1,11,5,2,6,9,7,4,8,3
53,10,9,1,6,7,11,3,2,5,4,8
26,7,4,3,6,11,9,2,5,10,8,1
13,4,7,5,3,11,9,8,6,2,10,1
122,11,8,5,10,3,6,2,4,7,9,1
155,4,2,3,6,10,9,8,5,11,1,7
123,4,8,3,5,9,11,6,1,10,7,2
67,4,6,11,7,1,8,9,5,3,10,2
94,9,2,3,11,5,6,4,7,10,1,8
157,3,6,2,9,8,4,7,11,1,10,5
1,8,3,9,7,1,2,4,11,6,10,5
163,5,1,6,7,10,9,2,4,3,8,11
93,3,5,4,2,11,6,1,9,8,10,7
198,7,8,9,3,2,5,11,6,1,10,4
137,7,8,5,3,10,4,6,1,2,9,11
120,9,10,8,7,3,4,11,1,2,6,5
195,9,6,5,2,10,1,8,7,4,3,11
15,2,9,5,8,11,7,10,3,1,6,4
200,7,9,1,10,6,5,8,3,4,2,11
116,5,4,1,7,9,3,10,6,8,11,2
121,7,6,10,2,3,5,4,11,1,8,9
78,10,8,2,3,4,11,1,9,7,6,5
168,5,6,10,7,9,8,11,3,2,1,4
175,10,1,9,5,8,4,2,7,6,11,3
28,9,3,4,8,5,7,2,10,11,6,1
122,2,7,9,10,5,6,3,11,1,4,8
168,3,6,8,7,5,4,1,2,10,11,9
12,3,11,5,9,7,8,10,1,6,4,2
50,6,4,2,5,3,1,11,10,9,7,8
183,1,3,9,6,11,7,4,2,5,10,8
146,3,6,11,4,5,10,8,2,7,9,1
101,4,11,7,6,5,10,2,3,9,1,8
30,2,11,4,7,9,5,10,1,8,3,6
121,8,4,3,10,2,5,7,9,1,11,6
161,7,8,5,11,6,4,3,2,1,10,9
200,4,8,3,6,11,10,9,2,5,7,1
68,7,1,10,3,11,9,6,2,5,8,4
113,9,8,2,7,3,11,4,1,10,5,6
145,4,8,9,10,3,7,6,1,5,11,2
193,4,5,10,9,11,2,6,8,7,3,1
22,7,8,6,2,5,1,3,4,9,10,11
117,5,2,6,3,10,1,4,7,11,9,8
42,1,6,3,11,2,10,5,7,4,8,9
198,1,10,5,7,8,4,9,11,2,6,3
156,1,11,5,9,7,2,10,6,8,3,4
191,8,5,10,6,11,9,4,3,7,2,1
50,2,7,4,1,6,5,9,8,11,3,10
199,5,9,10,11,2,4,1,8,3,7,6
144,4,5,6,2,7,10,3,8,1,9,11
185,11,10,9,3,1,5,2,6,7,4,8
165,10,4,7,8,3,2,9,5,11,1,6
42,11,5,2,1,8,4,3,10,9,7,6
82,1,7,10,3,9,2,5,4,11,8,6
31,8,7,10,5,9,11,3,2,4,1,6
62,2,5,11,9,6,8,1,4,10,7,3
27,8,2,3,9,7,10,6,5,1,4,11
67,4,3,10,6,9,2,11,5,7,1,8
76,10,3,5,1,8,9,7,2,4,6,11
103,11,10,7,8,5,6,2,4,9,3,1
192,9,10,7,2,4,6,5,1,8,3,11
48,6,7,9,10,4,2,3,5,1,11,8
125,9,2,8,1,11,3,4,7,10,6,5
195,3,5,9,4,8,7,11,2,1,6,10
70,3,10,7,6,11,9,8,5,4,2,1
71,3,4,8,7,11,5,6,10,1,9,2
34,5,8,4,9,1,2,3,7,6,10,11
31,6,5,7,3,2,9,1,10,11,8,4
66,11,7,2,5,4,10,9,6,8,3,1
91,6,1,9,10,7,11,4,8,2,5,3
122,11,2,7,10,9,4,1,6,5,8,3
107,3,5,4,10,7,6,9,8,1,11,2