13
1,a
2,b
3,c
4,d
5,e
6,f
7,g
8,h
9,i
10,j
11,k
12,l
13,m
201786,201786,2000
78,7,4,1,8,11,5,2,13,10,3,6,9,12
21,12,8,10,11,4,9,3,2,7,1,6,13,5
14,12,6,13,9,11,4,10,8,3,5,2,7,1
184,1,11,4,5,12,8,9,13,3,10,2,6,7
160,9,3,11,6,1,12,4,8,10,7,2,13,5
153,13,10,7,3,9,1,4,11,12,2,5,6,8
66,12,11,8,7,3,5,1,10,4,6,13,2,9
189,3,6,9,10,13,5,2,11,1,12,4,7,8
172,9,4,11,8,5,6,10,3,12,7,1,13,2
104,7,11,1,6,12,13,8,5,3,4,9,10,2
158,9,7,13,11,3,5,6,8,4,1,10,2,12
4,10,13,12,5,8,1,2,11,7,6,4,9,3
115,1,3,2,5,13,7,8,12,11,10,6,9,4
149,3,5,10,13,6,12,4,11,8,7,1,9,2
162,10,9,1,13,4,3,6,11,12,7,5,8,2
79,4,8,6,2,5,13,3,9,1,11,12,7,10
167,4,12,3,1,5,11,7,6,9,10,13,8,2
32,2,1,8,12,7,11,13,3,5,9,4,6,10
113,6,2,13,8,5,12,4,9,10,1,11,7,3
199,13,9,7,4,10,6,12,3,1,11,8,2,5
165,5,11,8,3,7,10,9,13,2,4,6,12,1
184,8,5,2,1,9,13,7,4,12,11,6,3,10
104,1,12,8,2,10,13,6,5,3,4,9,7,11
76,7,2,6,11,12,13,4,5,9,3,10,8,1
131,9,11,3,4,8,12,6,1,5,10,7,13,2
81,7,13,5,4,10,8,6,2,1,11,12,9,3
127,3,7,12,6,9,2,4,10,13,11,5,8,1
3,6,11,9,1,7,10,4,2,5,13,3,12,8
78,12,11,6,4,3,7,9,8,1,2,13,10,5
65,3,4,11,10,9,5,8,1,6,7,2,12,13
110,3,7,13,8,10,1,6,2,11,5,4,12,9
26,12,3,8,7,4,10,9,1,2,11,13,5,6
149,12,1,9,13,4,8,10,7,11,2,3,6,5
111,5,12,9,6,2,7,4,8,3,10,13,1,11
183,9,10,4,11,12,7,8,2,13,6,5,3,1
72,13,6,7,12,8,4,2,11,3,9,10,5,1
69,9,6,2,11,3,7,1,12,13,10,4,5,8
145,10,13,1,5,12,9,8,3,4,7,6,11,2
125,1,12,6,7,11,5,13,9,2,3,8,4,10
34,2,11,6,8,10,12,3,9,1,4,13,7,5
85,10,6,11,8,3,7,2,1,5,12,13,9,4
10,4,12,11,9,2,6,5,13,8,3,10,7,1
196,7,6,3,11,9,12,2,13,1,10,5,8,4
150,3,9,13,5,1,2,6,4,7,11,10,8,12
92,4,13,5,11,9,10,2,12,1,8,7,6,3
59,1,11,4,6,10,2,7,12,13,3,5,8,9
83,13,6,8,7,2,4,9,3,5,10,1,11,12
127,9,7,4,13,10,6,11,8,3,5,1,2,12
51,7,10,6,5,13,11,8,9,2,12,3,4,1
66,13,3,10,9,8,4,12,11,6,5,2,7,1
91,6,4,1,2,7,13,11,12,8,5,9,3,10
46,7,1,8,3,4,9,11,2,6,10,12,13,5
139,10,5,6,1,8,13,3,9,12,7,2,4,11
34,7,12,1,8,5,4,6,10,2,11,3,13,9
19,1,5,11,12,4,3,9,6,2,7,8,13,10
160,11,7,3,13,8,2,10,6,9,5,1,12,4
176,10,4,11,12,8,2,7,6,3,9,13,1,5
15,10,13,12,2,3,7,8,4,9,1,5,6,11
16,8,10,7,12,4,11,9,5,13,2,6,1,3
167,13,6,7,10,2,1,9,5,11,8,3,4,12
59,1,7,8,11,12,2,9,3,6,13,5,10,4
195,12,2,9,13,3,11,10,4,7,8,6,1,5
121,6,12,4,5,2,1,10,3,9,13,11,8,7
172,1,8,4,5,13,6,11,2,7,3,9,12,10
188,3,5,9,6,12,10,1,11,7,4,13,2,8
155,5,3,8,13,9,2,11,4,10,6,12,7,1
123,7,12,13,10,1,11,4,8,3,2,9,6,5
63,2,9,1,7,5,6,10,4,12,3,8,11,13
189,3,5,9,13,10,11,12,7,4,1,6,2,8
33,8,6,4,1,7,10,11,3,13,12,9,2,5
32,10,5,11,4,12,8,6,13,7,9,3,2,1
98,4,6,1,10,2,12,11,3,13,8,5,9,7
97,5,9,10,7,1,11,2,13,8,4,12,3,6
178,9,7,6,10,2,3,11,12,8,1,5,13,4
151,5,10,9,6,7,11,1,4,8,12,2,13,3
65,2,7,5,11,1,8,6,13,3,4,10,12,9
34,7,9,8,4,3,11,1,10,12,2,5,6,13
30,4,12,13,11,10,1,2,9,6,8,3,7,5
12,2,1,7,5,6,13,3,8,11,12,9,4,10
168,4,6,3,8,1,2,7,11,13,10,5,12,9
160,10,5,4,11,9,8,7,13,2,3,1,6,12
12,1,2,3,8,11,10,6,9,5,13,12,7,4
6,9,6,8,3,4,2,13,5,12,10,1,11,7
102,4,12,6,11,3,13,8,10,5,9,1,2,7
174,7,2,12,5,8,13,10,9,11,4,6,1,3
15,13,2,4,5,6,10,9,11,3,7,12,8,1
20,6,3,8,11,9,4,13,7,1,10,2,5,12
13,11,10,4,7,12,8,13,9,5,2,1,3,6
152,5,13,2,6,10,11,4,8,1,9,12,3,7
18,4,11,10,5,9,12,2,6,8,7,13,3,1
20,11,10,1,7,6,13,8,4,5,3,12,9,2
48,7,10,5,3,13,12,9,11,4,6,1,8,2
72,3,9,6,7,5,1,11,2,4,8,10,12,13
5,3,8,2,10,11,1,13,5,12,6,7,9,4
173,4,12,2,6,3,1,5,10,11,13,7,8,9
127,10,7,1,5,2,4,8,9,3,6,12,13,11
197,1,6,3,11,10,13,9,12,2,7,4,8,5
63,8,5,9,2,7,4,6,12,13,3,11,10,1
83,1,5,2,9,10,8,3,4,6,12,7,11,13
14,13,5,3,1,4,12,7,9,11,10,6,8,2
107,8,12,2,9,6,13,3,1,5,11,10,4,7
174,12,3,9,4,11,10,1,8,7,5,6,2,13
33,1,2,6,9,10,13,12,3,4,8,11,5,7
71,6,9,3,5,12,10,1,2,11,13,8,4,7
40,5,9,10,8,3,6,4,1,7,12,11,2,13
32,9,12,13,8,3,11,1,6,4,5,2,10,7
61,9,2,6,1,10,5,4,12,11,3,7,8,13
58,10,1,13,11,6,8,5,9,3,2,4,12,7
59,2,12,6,9,10,4,3,13,8,5,11,7,1
8,12,5,10,11,4,3,2,9,8,1,13,6,7
136,2,4,1,6,10,8,9,5,13,3,12,11,7
85,6,8,12,5,4,13,1,7,10,11,9,2,3
25,5,4,1,8,7,9,6,13,11,10,3,12,2
177,3,4,13,6,8,11,10,9,7,2,5,1,12
97,6,11,1,8,9,3,13,2,10,5,12,4,7
113,6,9,7,4,2,8,13,5,1,3,11,12,10
85,8,7,6,5,1,9,3,2,4,10,13,11,12
192,10,1,13,11,7,6,9,12,4,5,2,8,3
92,8,6,4,13,10,5,2,12,3,11,9,7,1
177,9,8,3,2,1,12,11,10,7,13,4,5,6
16,1,9,3,5,4,12,7,13,10,8,2,6,11
108,9,13,4,8,2,6,10,1,5,3,12,11,7
22,11,8,7,3,13,9,5,10,4,1,2,6,12
57,13,2,10,9,8,3,7,6,4,1,5,12,11
133,3,12,9,4,2,7,13,8,5,1,10,6,11
173,4,7,13,12,6,5,3,9,10,11,2,8,1
38,6,5,13,3,1,9,7,12,2,11,10,8,4
188,9,4,13,5,12,2,10,7,8,3,1,11,6
173,9,7,1,11,13,12,5,8,6,10,3,4,2
118,12,11,2,3,5,6,10,9,4,13,8,7,1
109,9,7,12,5,8,10,11,6,2,3,13,4,1
54,9,7,3,5,8,12,10,4,6,2,1,13,11
105,1,9,6,5,4,7,13,11,12,3,8,2,10
115,11,12,9,4,6,13,5,1,10,3,7,8,2
12,9,12,11,8,5,13,3,1,4,7,2,10,6
78,11,2,13,7,3,5,8,6,10,9,4,1,12
15,10,9,11,7,5,1,4,3,2,6,12,13,8
197,13,3,12,11,4,7,10,5,1,8,2,6,9
159,3,13,2,1,12,10,11,4,6,7,8,5,9
60,10,3,12,5,13,7,8,6,4,2,9,1,11
131,10,11,6,5,12,4,8,9,13,7,1,3,2
157,1,8,13,6,12,11,10,2,9,7,4,3,5
48,1,4,8,13,2,12,9,7,5,11,10,6,3
137,1,13,11,12,3,9,6,7,5,2,4,8,10
64,9,1,5,7,4,11,2,13,3,12,8,6,10
8,7,4,9,1,11,2,12,6,5,13,3,8,10
153,2,13,4,3,12,9,6,11,7,10,5,1,8
26,1,3,6,7,11,4,10,9,12,13,2,5,8
93,13,4,11,6,1,9,12,7,10,8,5,2,3
152,12,10,1,9,4,8,2,3,7,11,13,6,5
18,3,1,6,8,2,13,10,7,9,4,11,12,5
138,6,7,2,1,13,4,10,11,12,3,9,5,8
73,13,6,9,11,5,7,10,1,12,3,2,4,8
146,5,8,9,4,11,13,12,3,1,10,7,6,2
100,11,9,5,7,13,2,4,1,12,6,8,10,3
94,7,10,9,4,12,13,11,8,3,1,5,2,6
119,8,7,11,10,3,12,2,4,9,5,13,6,1
70,11,2,9,1,13,8,3,6,5,12,4,7,10
77,9,6,1,2,12,5,13,8,3,11,10,7,4
130,4,2,9,11,6,3,12,8,5,1,7,10,13
28,12,6,9,10,8,7,3,4,13,1,2,5,11
103,7,4,13,9,3,10,8,12,5,2,11,1,6
96,9,13,7,5,1,4,12,10,3,8,2,11,6
108,9,1,5,11,13,3,2,10,7,6,4,8,12
193,5,4,11,13,9,1,8,7,6,12,2,3,10
74,6,11,12,10,8,2,3,9,1,13,5,7,4
57,3,10,8,12,6,2,1,9,7,4,11,5,13
96,3,1,5,11,6,9,12,7,2,10,4,8,13
200,7,4,12,1,3,5,2,11,9,10,13,8,6
161,9,1,11,7,4,2,12,10,13,8,3,6,5
177,1,10,13,5,9,7,4,8,2,11,6,12,3
115,7,2,13,9,10,3,11,12,5,6,8,1,4
134,7,8,6,10,9,11,13,2,1,12,3,5,4
194,3,12,5,11,8,10,2,9,1,7,4,13,6
142,12,9,8,3,5,13,4,7,1,6,2,10,11
39,10,12,7,5,9,1,4,6,2,3,8,11,13
58,8,10,9,3,7,5,6,13,1,4,12,2,11
0,5,8,13,6,12,4,1,2,10,7,11,9,3
103,10,9,1,5,7,13,12,2,6,4,8,11,3
21,5,7,6,12,11,13,3,10,2,4,9,1,8
179,5,9,13,11,4,7,2,12,1,3,10,8,6
196,10,5,7,6,8,2,4,9,3,13,12,1,11
188,3,13,4,7,11,6,9,1,12,8,2,10,5
33,2,8,3,5,12,7,9,11,1,6,13,4,10
98,7,2,3,6,9,10,4,8,13,12,1,5,11
152,3,6,4,5,9,13,2,10,12,8,1,7,11
135,7,12,4,11,6,2,3,10,1,13,8,9,5
13,13,4,1,10,3,7,6,9,11,12,8,2,5
165,9,13,6,8,2,12,7,11,5,4,3,10,1
80,5,4,2,8,3,1,9,7,6,12,10,11,13
82,7,1,6,10,8,12,4,13,11,2,9,5,3
90,10,12,2,5,9,11,1,4,13,6,3,7,8
56,2,3,9,11,8,6,4,13,10,1,12,7,5
138,9,5,10,11,2,13,6,8,12,3,1,4,7
190,11,2,12,13,3,6,9,5,10,8,7,4,1
145,6,1,3,5,8,4,9,11,12,7,10,13,2
190,7,2,11,10,5,4,8,9,12,3,13,6,1
194,8,6,3,13,4,1,10,9,5,2,11,7,12
56,1,7,9,13,10,6,5,3,12,4,8,2,11
143,9,4,1,3,13,7,12,6,8,2,10,5,11
168,8,13,10,7,4,5,12,3,6,1,9,11,2
79,7,2,9,10,12,13,11,5,6,4,3,1,8
66,4,12,5,7,6,8,2,11,10,9,3,1,13
184,12,2,8,6,13,11,10,7,1,4,5,3,9
48,7,4,1,11,13,10,5,2,9,8,12,6,3
170,5,4,13,1,12,2,3,7,8,9,11,6,10
168,13,5,3,7,1,4,8,2,11,6,12,9,10
121,10,12,8,7,9,5,1,6,13,11,4,3,2
64,2,6,1,5,4,13,8,10,11,3,7,9,12
102,5,7,11,1,8,4,3,2,13,10,12,9,6
72,3,2,4,12,13,9,7,11,10,5,8,1,6
128,3,13,1,5,4,8,7,10,2,9,12,11,6
133,8,13,12,4,2,7,5,10,11,1,9,3,6
83,2,7,9,6,8,4,1,5,10,3,11,13,12
123,8,10,12,7,11,13,5,6,3,2,4,1,9
192,9,5,4,8,6,7,11,13,1,2,10,3,12
4,4,5,9,11,2,12,3,10,13,8,7,6,1
173,13,5,10,6,2,1,3,11,9,4,12,8,7
100,7,4,12,9,10,11,13,8,5,3,2,1,6
200,5,13,8,6,12,4,11,10,9,2,1,7,3
115,7,8,12,11,6,4,5,9,10,1,2,3,13
11,12,8,11,1,5,13,2,6,10,9,3,4,7
36,13,2,12,7,8,4,3,11,10,5,9,6,1
124,6,9,5,2,10,13,11,7,12,4,1,8,3
176,4,1,13,6,10,9,5,11,7,12,8,2,3
148,4,7,12,13,3,8,1,5,2,10,6,11,9
26,12,9,1,7,3,10,5,4,8,2,13,11,6
139,7,3,12,9,11,13,2,1,8,5,4,6,10
134,5,2,4,10,8,9,1,7,3,13,6,11,12
159,2,8,9,10,13,4,1,6,11,7,12,3,5
71,10,13,12,1,2,3,11,6,5,8,7,4,9
179,3,4,10,2,6,11,12,8,9,13,7,5,1
150,4,9,13,2,3,7,12,8,11,6,10,1,5
135,4,8,11,3,2,6,12,9,13,7,10,5,1
47,4,3,12,11,5,13,8,2,7,10,1,9,6
130,1,8,11,7,13,2,10,9,6,12,4,3,5
192,3,9,6,7,12,4,1,13,11,5,10,2,8
82,5,9,11,13,10,2,8,4,3,6,7,12,1
167,9,8,6,12,5,11,7,1,13,10,2,3,4
165,8,1,9,12,6,3,7,10,4,2,11,13,5
112,12,9,3,7,6,2,11,4,5,8,1,10,13
124,8,10,2,1,4,7,12,3,9,6,5,13,11
33,5,9,12,4,2,10,8,1,6,11,13,7,3
192,3,1,9,6,2,12,10,11,5,4,8,7,13
158,12,8,6,3,9,4,1,2,13,10,7,11,5
165,7,4,8,11,1,9,12,3,2,13,6,5,10
137,4,8,3,6,1,13,10,2,11,9,5,12,7
168,2,3,8,9,1,12,4,5,10,13,11,6,7
74,13,8,11,12,9,4,5,1,10,3,6,2,7
75,4,10,7,2,8,1,11,9,5,3,12,13,6
65,2,12,10,5,3,1,4,6,11,8,13,7,9
149,11,5,8,9,13,4,7,2,3,10,6,1,12
150,8,6,13,12,3,7,10,5,4,9,1,2,11
178,6,12,10,1,7,11,2,5,8,4,13,9,3
73,12,10,8,4,13,9,5,2,11,7,6,3,1
161,12,5,6,2,8,4,7,10,3,1,9,11,13
80,2,10,7,11,1,9,12,3,4,5,8,6,13
134,2,4,9,7,6,10,8,11,13,1,3,5,12
197,10,12,6,5,2,3,1,9,13,8,4,7,11
82,11,9,12,7,13,2,10,5,1,6,8,4,3
58,7,10,3,11,12,1,13,8,6,2,9,5,4
98,12,4,8,3,7,11,5,1,10,6,9,2,13
38,1,3,12,13,5,8,6,7,9,11,2,10,4
5,10,11,6,4,13,2,12,5,1,9,7,3,8
27,7,9,3,2,11,13,4,10,1,12,8,5,6
132,11,8,5,9,2,6,7,4,3,12,10,13,1
166,3,8,2,7,4,10,9,13,1,11,12,6,5
154,4,11,5,8,3,7,12,2,1,6,10,9,13
147,1,10,2,12,8,6,7,3,4,5,13,11,9
22,3,9,8,1,5,10,4,6,7,2,11,13,12
34,10,7,1,12,13,2,3,6,5,11,9,4,8
64,7,2,8,6,4,3,5,13,11,1,10,12,9
183,3,12,9,1,2,4,11,7,6,10,8,13,5
119,10,13,4,5,2,11,1,9,6,8,12,3,7
159,9,6,4,5,1,10,2,7,13,12,3,8,11
91,4,2,3,13,9,6,8,7,12,5,11,10,1
33,2,1,12,10,5,9,11,6,7,8,3,13,4
89,6,12,7,4,9,11,10,3,5,1,8,13,2
191,3,12,7,11,10,8,9,6,5,2,4,13,1
89,12,3,10,1,6,5,9,7,4,8,13,2,11
188,4,9,10,7,12,1,3,6,13,11,8,5,2
183,3,12,10,2,4,11,13,1,8,9,7,6,5
195,1,6,13,12,8,3,7,5,10,4,9,2,11
72,8,4,9,11,2,3,1,10,6,13,5,12,7
164,5,1,10,12,4,7,13,3,6,2,9,11,8
163,10,11,1,13,2,3,5,7,4,8,12,9,6
5,8,7,4,9,11,13,5,2,1,12,10,6,3
23,12,1,7,3,9,11,10,8,5,13,4,6,2
159,6,2,10,12,3,1,11,5,9,7,8,4,13
187,13,1,4,9,10,6,11,5,8,2,7,3,12
80,7,3,4,12,11,1,6,10,9,13,2,8,5
33,10,6,1,4,9,7,11,3,2,13,8,5,12
44,2,12,5,3,6,10,11,13,1,7,8,4,9
180,3,2,10,13,5,7,1,6,11,12,4,8,9
110,4,1,9,2,11,10,13,3,5,12,6,8,7
22,4,6,1,3,9,2,10,13,7,8,5,11,12
18,6,3,10,8,12,9,2,4,11,7,13,5,1
170,7,10,4,2,8,3,6,5,9,11,13,1,12
81,3,1,2,9,10,6,12,11,5,7,4,8,13
50,5,1,10,8,6,3,11,13,4,9,7,12,2
169,9,3,11,2,8,6,5,13,12,4,7,10,1
52,7,12,8,10,11,13,2,3,6,9,1,4,5
192,6,2,7,10,4,12,9,1,3,13,5,11,8
167,3,10,13,9,8,12,7,4,2,6,5,1,11
147,5,6,9,12,1,10,4,2,13,7,8,3,11
53,7,6,10,5,8,12,3,2,9,13,1,11,4
96,9,5,13,11,10,1,7,12,8,3,2,4,6
188,3,5,1,12,8,9,7,11,13,6,4,10,2
186,10,8,13,7,9,1,3,4,6,11,2,5,12
43,12,13,3,9,7,4,8,6,1,10,5,11,2
25,7,9,10,4,1,12,8,3,6,2,13,5,11
125,1,10,2,5,11,12,4,13,7,3,6,8,9
105,3,13,11,7,9,4,2,10,1,5,6,8,12
141,9,12,6,13,3,4,8,11,2,1,5,10,7
43,11,10,3,9,7,13,8,5,6,1,4,2,12
46,11,7,3,10,6,8,4,9,12,1,5,13,2
7,1,6,5,7,10,9,3,2,4,8,13,11,12
9,12,1,4,13,10,5,3,11,2,8,6,9,7
153,9,3,7,13,1,10,5,4,2,11,12,8,6
124,13,10,5,6,4,8,9,3,2,11,12,1,7
37,7,5,12,2,3,8,10,11,13,4,6,9,1
163,4,1,3,7,5,9,2,6,12,13,11,10,8
186,10,8,3,1,7,4,11,5,9,2,13,6,12
42,13,4,7,5,11,12,2,6,1,9,8,3,10
95,4,12,5,2,11,10,1,8,6,3,7,13,9
19,4,3,12,13,1,2,7,11,6,10,8,5,9
176,3,9,1,8,10,4,13,2,5,12,7,11,6
187,10,3,5,6,1,4,9,11,13,7,12,8,2
190,7,11,5,3,9,4,6,8,12,10,2,13,1
105,6,4,7,8,11,2,13,1,5,3,12,10,9
127,6,13,3,7,9,8,5,4,1,11,10,12,2
22,9,5,8,13,2,3,7,4,10,1,6,11,12
158,6,10,3,9,7,1,13,4,11,12,5,8,2
95,4,7,1,2,9,13,6,3,10,12,11,5,8
25,9,8,5,6,10,13,11,7,12,4,3,2,1
147,10,5,8,1,9,7,12,13,2,3,4,11,6
121,13,2,4,8,5,3,1,10,7,11,6,9,12
8,3,5,7,8,2,12,6,4,1,9,13,11,10
89,12,4,13,9,11,5,1,2,6,10,8,7,3
184,3,6,13,2,11,1,5,10,9,12,8,7,4
156,3,1,10,5,13,9,11,8,12,2,4,7,6
26,3,10,9,5,11,12,4,2,1,8,7,6,13
59,11,2,12,13,8,9,10,4,6,5,3,7,1
31,2,6,13,10,3,9,8,11,5,7,1,4,12
113,5,12,8,6,10,1,4,9,7,13,2,3,11
135,13,8,6,2,1,7,3,4,10,11,9,12,5
185,1,8,2,12,5,13,4,7,9,10,11,6,3
65,7,11,12,4,8,2,3,5,6,13,1,10,9
172,7,8,10,3,4,6,9,12,13,11,5,1,2
88,4,8,2,6,10,9,3,1,11,13,12,7,5
96,7,4,11,12,2,10,3,8,1,5,6,13,9
64,2,4,13,8,10,11,9,7,6,1,5,3,12
89,12,11,7,13,1,5,10,6,2,3,8,9,4
132,11,7,6,2,1,5,13,3,8,4,12,9,10
134,8,9,12,2,10,4,3,1,6,13,11,5,7
195,4,5,13,8,10,3,12,6,7,1,2,9,11
51,12,5,6,1,10,11,4,9,7,13,2,8,3
95,8,1,6,10,2,3,4,5,11,13,9,12,7
128,7,10,3,1,2,11,4,13,6,8,5,12,9
159,13,11,6,3,7,9,12,2,1,8,5,4,10
105,5,2,10,11,1,9,4,13,12,3,8,6,7
164,2,1,3,5,7,4,13,10,8,11,12,9,6
142,12,6,7,9,8,13,2,5,11,4,1,10,3
36,13,8,4,12,9,3,2,10,11,5,1,7,6
160,9,4,6,11,8,3,7,12,10,1,2,5,13
111,10,4,13,6,12,5,2,9,7,3,8,11,1
33,6,9,2,7,10,4,3,8,12,13,1,5,11
30,10,9,4,7,1,5,8,13,11,3,12,6,2
192,6,1,10,3,11,4,12,8,9,7,2,5,13
51,6,13,7,2,1,8,3,4,12,10,5,11,9
56,9,12,8,5,1,2,4,7,3,10,6,13,11
21,3,5,4,2,1,13,9,11,12,6,7,10,8
193,2,4,12,7,11,10,8,1,5,6,13,9,3
177,9,1,8,13,2,10,12,3,6,4,11,5,7
146,10,11,8,7,9,4,6,2,5,12,3,13,1
56,7,1,9,8,3,11,13,4,6,10,12,5,2
23,4,1,12,8,13,6,2,9,3,11,10,7,5
54,9,3,2,5,6,7,12,10,1,4,8,11,13
163,1,13,12,6,9,7,10,8,11,2,4,3,5
51,3,4,11,13,2,5,12,8,6,1,10,9,7
176,8,1,9,13,2,10,7,11,3,5,4,6,12
59,13,5,3,2,9,12,7,8,11,6,4,10,1
91,6,10,13,12,4,5,1,2,3,8,9,11,7
15,4,11,1,12,13,5,10,7,9,8,3,6,2
117,11,9,4,5,7,8,2,12,3,13,10,1,6
86,7,6,9,2,4,8,10,1,5,11,3,13,12
70,11,7,3,5,6,10,4,12,8,1,2,9,13
40,6,4,7,2,11,13,5,10,9,3,12,8,1
101,4,1,13,11,8,6,10,3,2,9,7,5,12
136,6,12,11,3,10,7,8,13,5,2,4,9,1
132,1,12,2,10,13,8,3,4,7,6,11,5,9
68,4,3,7,12,1,5,9,8,6,2,13,11,10
9,4,13,12,7,9,11,3,8,6,10,5,1,2
85,2,8,5,13,10,7,4,6,12,1,3,9,11
198,9,8,5,1,6,10,11,7,12,2,3,13,4
182,12,4,5,6,2,8,11,1,3,13,7,9,10
198,6,4,10,12,7,3,1,5,2,9,8,11,13
124,11,7,4,12,13,6,5,3,1,10,9,2,8
169,3,5,12,8,9,10,11,6,7,2,13,4,1
22,6,11,10,9,12,8,4,13,5,3,1,2,7
56,1,8,13,2,12,11,6,5,3,9,7,4,10
97,3,10,9,1,11,2,7,5,12,8,13,6,4
86,10,5,11,6,1,4,9,13,8,2,7,3,12
163,7,3,12,10,4,13,9,8,6,1,5,11,2
140,1,9,5,2,10,7,4,12,3,8,6,13,11
100,7,9,8,5,11,12,13,1,6,2,3,4,10
147,2,1,3,4,9,5,13,6,12,8,11,10,7
98,4,10,1,12,7,3,9,6,2,5,11,8,13
162,1,9,13,12,5,11,10,6,4,3,2,8,7
143,6,4,5,2,12,10,13,1,3,7,8,11,9
40,11,9,8,3,5,2,1,4,12,13,10,6,7
157,3,2,4,7,11,6,1,13,8,9,10,12,5
48,8,11,10,7,1,13,4,6,3,2,5,12,9
149,3,9,8,7,1,6,4,10,2,12,5,11,13
150,4,3,6,1,12,7,9,11,2,8,13,5,10
173,5,11,9,1,13,2,3,7,12,8,6,10,4
175,9,2,12,6,11,10,7,5,3,1,4,8,13
184,4,2,8,11,6,1,13,5,9,7,10,3,12
175,1,9,6,4,13,12,8,2,10,7,3,5,11
23,8,10,1,9,3,12,6,11,13,7,5,2,4
199,4,1,8,7,9,12,2,11,13,5,10,3,6
150,12,5,6,8,1,9,2,7,10,4,13,11,3
107,1,13,11,8,4,7,12,6,10,3,9,5,2
15,1,3,13,12,2,8,4,11,10,6,5,9,7
116,6,8,11,1,9,3,7,10,13,5,12,2,4
121,13,7,6,4,1,9,5,8,12,10,3,11,2
181,4,7,13,5,6,2,8,11,10,1,12,3,9
21,12,1,6,3,11,5,4,8,10,13,9,7,2
183,11,9,1,4,6,10,3,13,12,5,8,7,2
7,5,12,2,13,1,11,8,10,7,3,9,6,4
14,9,12,13,11,1,5,6,10,3,8,7,2,4
121,8,10,12,4,3,7,2,1,11,6,5,13,9
44,11,2,4,10,5,12,1,9,3,13,8,7,6
74,13,12,7,2,11,8,5,9,6,1,10,3,4
63,4,12,1,11,3,7,8,2,9,13,5,6,10
177,11,3,8,1,2,12,5,7,4,10,6,13,9
102,11,4,6,7,13,2,8,12,9,1,10,5,3
148,11,13,10,8,4,12,5,1,7,6,3,2,9
10,5,10,2,7,6,4,8,9,3,12,11,13,1
93,9,2,5,12,3,4,6,10,8,1,11,7,13
76,10,8,2,12,11,13,9,1,7,5,3,6,4
128,3,11,2,13,9,5,12,4,10,6,7,8,1
29,4,9,3,5,10,1,7,13,6,12,2,8,11
133,3,8,11,5,7,9,13,2,1,4,10,12,6
76,10,2,5,9,11,13,12,4,1,3,8,6,7
10,5,8,4,13,3,11,12,6,7,2,1,10,9
136,3,5,8,7,6,2,12,10,1,4,11,9,13
190,3,7,13,10,8,9,2,6,1,4,11,12,5
140,13,9,11,10,8,5,6,12,2,1,4,3,7
0,8,5,6,9,3,11,1,7,2,10,4,12,13
50,1,8,9,6,10,7,4,13,12,2,11,5,3
116,11,1,13,2,12,5,10,7,3,6,8,4,9
118,13,5,12,7,10,9,2,11,8,4,1,6,3
44,3,4,13,2,1,12,7,11,10,8,6,5,9
24,2,13,12,1,9,5,3,10,11,8,7,6,4
141,3,12,9,8,6,11,7,1,10,13,5,2,4
154,6,11,7,12,13,2,4,3,5,10,8,9,1
45,12,9,3,6,10,7,2,5,8,13,1,11,4
148,4,8,6,12,2,7,13,1,10,9,3,11,5
160,8,6,10,4,3,9,5,12,1,7,2,11,13
122,7,1,5,13,12,11,10,9,4,6,8,3,2
21,5,2,13,11,8,4,1,10,3,7,12,6,9
29,12,6,4,1,9,11,10,8,5,7,2,3,13
6,7,5,11,12,1,2,4,8,3,10,9,6,13
64,6,11,2,10,5,7,4,1,8,9,3,13,12
195,3,13,10,8,4,5,12,2,6,1,7,9,11
62,7,6,11,4,9,3,13,12,5,2,10,1,8
61,5,10,4,6,2,13,8,12,7,3,11,9,1
155,7,6,11,2,12,5,8,13,3,1,10,4,9
82,10,3,6,13,11,8,2,12,9,1,4,7,5
175,10,1,5,9,4,12,2,6,8,11,13,3,7
157,8,2,12,13,10,7,11,1,3,9,6,5,4
45,1,11,3,5,10,12,8,13,4,6,9,2,7
92,8,4,10,3,9,6,11,13,2,7,5,12,1
183,3,13,4,9,8,10,5,11,12,6,2,1,7
17,6,1,10,4,9,12,2,11,8,13,7,5,3
11,11,7,2,9,12,3,4,5,13,6,8,1,10
123,5,13,8,3,10,12,11,9,1,6,4,2,7
22,10,8,2,4,11,13,7,6,3,12,9,1,5
34,11,1,6,12,4,3,5,13,2,9,8,10,7
41,1,13,3,5,4,7,9,6,11,8,10,2,12
137,4,12,13,5,3,11,6,7,1,8,10,2,9
181,2,4,1,9,12,10,8,11,7,13,3,6,5
162,3,9,11,5,8,2,10,12,4,1,13,6,7
64,10,11,9,3,1,6,4,12,7,2,5,8,13
124,11,3,10,12,9,7,6,1,2,13,4,8,5
185,6,2,5,7,10,11,3,4,9,8,13,12,1
152,5,3,1,8,2,12,6,11,10,7,13,9,4
104,7,1,2,12,4,10,11,9,5,3,13,8,6
194,12,10,8,11,3,6,13,9,5,7,2,4,1
117,6,5,1,10,7,13,8,2,9,12,3,11,4
143,8,9,6,4,5,7,3,13,11,12,10,1,2
55,11,7,12,13,9,1,3,2,6,5,4,10,8
111,12,2,8,5,3,4,13,11,6,7,9,10,1
118,11,6,12,3,9,5,8,7,10,4,1,2,13
175,7,13,2,9,12,1,3,6,5,8,10,11,4
83,1,13,8,5,9,6,4,12,2,7,11,3,10
55,8,4,5,6,2,12,3,9,10,1,13,11,7
15,9,6,7,8,5,1,10,12,11,2,4,13,3
195,13,10,11,1,2,12,5,4,7,3,9,6,8
195,2,9,13,7,5,10,8,3,6,1,11,4,12
27,6,3,11,13,7,10,1,5,4,8,9,2,12
161,5,6,3,7,8,1,11,12,2,4,10,9,13
150,7,5,10,4,3,13,9,12,6,2,11,8,1
100,3,4,11,10,9,12,8,13,2,1,7,5,6
173,1,4,8,6,12,9,10,5,13,11,3,7,2
14,6,5,1,11,8,7,2,4,9,10,12,3,13
50,3,13,6,4,5,11,2,10,9,8,12,7,1
113,13,6,12,1,7,8,10,11,2,3,9,4,5
14,11,6,1,2,4,12,10,8,5,3,9,7,13
160,9,12,7,1,13,3,6,2,4,11,8,5,10
165,9,2,8,1,13,5,12,6,3,4,11,10,7
26,2,13,12,11,4,5,10,9,3,6,1,7,8
156,1,6,3,2,5,11,13,4,12,8,10,9,7
161,4,6,5,10,1,11,3,8,2,12,7,13,9
90,13,1,4,2,6,5,3,12,11,10,8,9,7
176,12,9,2,7,13,5,1,4,10,6,11,8,3
52,1,3,5,13,11,2,9,10,6,7,12,8,4
42,2,3,7,12,11,8,9,13,10,6,1,4,5
178,2,7,8,13,6,11,12,5,10,1,4,9,3
14,2,1,10,7,6,3,4,8,12,11,5,9,13
189,1,8,4,9,2,3,10,5,12,13,11,7,6
70,2,5,13,1,6,11,3,10,9,7,8,4,12
155,8,5,3,4,6,13,11,10,9,2,1,7,12
121,6,10,2,8,4,3,13,11,12,5,1,7,9
142,12,13,3,4,5,10,6,8,2,11,9,7,1
135,13,12,11,3,5,8,6,4,1,7,9,10,2
128,6,12,7,8,5,2,1,11,10,3,9,4,13
136,12,3,6,1,2,13,10,11,9,7,8,4,5
195,7,3,10,5,8,9,4,13,2,11,6,12,1
97,3,1,11,9,4,6,7,5,13,8,10,12,2
66,4,12,7,3,10,2,6,13,1,11,5,9,8
149,9,6,5,13,4,10,3,12,11,1,2,7,8
135,3,1,5,9,11,8,12,6,4,10,2,13,7
116,1,4,11,3,10,12,2,8,9,13,7,5,6
43,5,9,1,11,8,12,3,13,4,6,7,10,2
140,10,5,13,6,8,7,3,2,1,12,4,11,9
19,5,11,4,7,3,2,8,1,9,6,13,12,10
172,1,12,2,11,9,6,7,10,3,8,5,4,13
134,13,6,1,9,5,4,2,12,8,7,11,3,10
168,1,7,9,11,6,10,4,3,13,8,2,12,5
100,9,4,10,2,12,6,5,7,13,8,11,1,3
124,4,3,5,12,13,8,1,9,10,6,11,2,7
171,12,8,6,11,2,4,9,13,5,10,7,3,1
168,2,10,6,3,4,13,5,7,12,1,11,9,8
67,3,5,7,2,4,9,12,8,13,10,6,11,1
113,13,5,7,12,10,6,1,11,9,3,4,2,8
18,7,8,11,13,3,5,6,12,2,10,4,9,1
108,7,9,5,11,4,8,2,6,1,10,13,3,12
118,1,6,13,2,7,11,9,4,8,5,3,10,12
29,6,1,13,9,2,5,12,7,11,3,4,8,10
111,8,4,5,3,2,9,1,13,10,6,7,11,12
12,8,2,10,12,1,11,9,13,3,5,7,4,6
29,9,12,4,7,13,1,6,8,5,10,3,2,11
45,1,11,5,2,12,8,10,4,9,6,7,13,3
97,8,12,7,10,6,5,11,4,13,1,9,3,2
44,8,4,11,3,10,5,12,1,7,2,6,9,13
2,11,3,8,4,12,2,5,6,7,13,1,9,10
147,2,8,11,13,7,12,9,5,6,10,1,4,3
88,9,7,13,6,10,5,1,8,2,3,4,11,12
171,11,13,6,9,8,2,3,4,7,1,5,12,10
76,13,7,5,1,2,11,4,9,10,6,12,8,3
137,6,2,10,4,1,12,11,8,13,7,9,5,3
87,2,6,12,5,10,1,3,4,8,13,11,7,9
117,13,1,3,12,7,5,11,9,2,8,10,4,6
147,7,2,5,9,11,1,8,10,12,6,13,4,3
177,6,9,7,3,10,12,8,1,4,11,13,5,2
107,11,7,6,10,12,4,3,9,2,8,5,1,13
128,9,8,5,3,7,1,11,10,2,12,6,13,4
178,4,11,7,10,9,8,1,13,12,5,6,3,2
19,9,11,13,4,12,10,7,3,8,2,6,5,1
187,4,13,12,1,6,5,8,11,9,7,10,2,3
174,4,6,12,13,9,3,5,10,11,1,7,2,8
152,11,13,3,5,7,9,12,8,1,10,4,6,2
197,4,10,12,6,9,2,13,3,1,11,7,5,8
25,7,10,12,5,3,13,8,4,2,6,9,11,1
112,7,9,4,11,10,6,5,12,3,2,8,13,1
27,2,4,3,11,7,12,9,10,6,5,1,13,8
95,4,8,1,12,10,9,3,5,2,13,11,7,6
85,6,8,3,4,7,12,9,13,11,2,5,1,10
171,7,12,6,5,3,11,8,1,9,13,2,4,10
76,1,3,13,5,9,10,12,2,4,6,8,11,7
154,4,6,3,8,5,11,10,9,7,1,2,13,12
88,6,13,7,11,1,5,9,3,2,8,4,10,12
152,2,5,3,11,13,12,1,10,6,9,8,4,7
42,6,12,5,11,1,4,7,9,13,8,3,10,2
175,8,3,2,10,4,5,11,13,1,12,7,9,6
200,11,5,13,3,10,1,2,7,12,8,6,4,9
149,2,9,11,13,1,7,6,5,8,12,4,10,3
118,1,4,9,5,11,7,2,10,13,8,12,3,6
153,9,2,11,12,8,13,1,5,4,7,10,6,3
17,12,1,13,9,3,5,11,10,7,6,4,2,8
150,2,6,3,4,8,11,13,5,7,10,9,12,1
168,13,5,6,1,10,9,2,8,4,3,12,7,11
148,6,11,8,9,4,10,7,13,12,3,2,1,5
131,5,6,4,2,10,7,12,9,3,8,1,13,11
180,8,1,13,12,4,10,9,7,5,11,3,2,6
132,13,9,4,2,11,1,6,12,3,5,10,7,8
85,3,7,12,4,1,6,13,9,10,8,2,11,5
15,5,9,7,13,2,8,11,6,3,1,4,12,10
79,6,11,7,2,13,9,8,5,4,10,1,12,3
81,7,11,8,6,2,9,5,10,13,3,4,12,1
133,8,6,12,13,5,3,10,1,2,11,4,7,9
187,8,2,12,9,7,5,10,11,6,4,1,3,13
175,13,11,1,9,3,6,5,10,12,8,7,2,4
26,5,13,10,4,9,8,6,7,1,11,3,12,2
184,13,12,8,9,3,6,5,1,10,11,4,2,7
17,4,1,3,12,7,10,8,13,9,6,2,11,5
42,12,4,10,8,6,1,7,13,9,2,3,5,11
84,8,13,3,11,1,2,10,9,5,6,12,4,7
48,11,5,3,9,1,13,6,12,8,2,10,7,4
195,13,7,10,11,5,1,8,6,12,9,3,2,4
79,11,7,5,12,9,10,8,6,1,4,2,13,3
11,6,5,7,13,2,9,4,10,11,8,3,12,1
92,13,5,4,2,12,10,7,1,3,9,11,8,6
137,13,6,11,4,8,9,1,12,7,10,2,3,5
198,10,1,13,3,6,7,5,2,12,11,9,4,8
197,2,4,6,11,8,3,13,5,10,9,1,7,12
181,1,5,9,4,10,12,11,7,2,13,6,3,8
131,7,1,11,4,8,6,2,9,5,13,10,12,3
10,12,11,2,3,1,7,9,4,10,13,8,6,5
99,13,2,4,1,11,9,3,7,10,6,8,12,5
28,6,11,8,3,7,9,5,12,2,4,13,1,10
141,2,7,4,3,10,12,11,6,1,13,8,5,9
180,4,13,7,1,9,10,6,3,12,2,5,8,11
107,10,6,1,9,7,5,4,3,2,12,13,11,8
112,4,5,11,9,7,10,6,1,12,13,2,3,8
147,11,5,8,13,7,9,6,4,1,2,12,3,10
179,9,2,11,12,10,8,4,7,3,5,1,13,6
23,11,2,12,6,8,5,3,13,4,7,9,1,10
76,7,12,8,11,10,2,13,9,3,6,5,1,4
83,8,12,7,3,4,2,6,10,5,13,1,9,11
74,5,6,7,10,4,12,9,2,8,1,13,11,3
108,4,9,8,3,12,11,10,2,7,5,6,1,13
132,5,6,10,7,2,8,9,4,13,1,11,3,12
52,1,7,11,12,8,2,10,9,13,6,3,5,4
135,7,3,6,1,9,4,11,13,2,10,12,8,5
155,5,4,11,1,9,13,7,8,6,2,3,10,12
196,5,8,10,11,9,3,7,4,2,13,1,6,12
19,9,13,8,2,1,12,3,10,6,4,5,11,7
187,6,4,12,1,2,13,8,7,9,3,10,5,11
10,10,1,7,9,6,3,11,2,13,12,4,8,5
170,2,7,13,4,11,5,1,9,6,3,12,8,10
2,1,8,11,7,10,12,5,2,9,6,13,4,3
50,13,3,6,10,8,11,12,9,1,7,2,4,5
87,3,4,9,12,8,1,7,10,2,13,5,11,6
125,2,7,9,13,12,8,11,5,4,3,1,6,10
72,6,9,13,4,10,2,11,8,3,1,12,7,5
83,7,2,10,9,8,11,12,13,3,1,4,5,6
185,8,7,9,10,6,1,11,5,12,2,4,13,3
29,8,5,6,13,11,3,4,1,12,10,7,2,9
165,9,5,3,4,8,2,7,10,11,1,13,12,6
27,7,10,1,8,4,3,5,2,12,13,9,11,6
70,9,7,10,4,6,3,2,11,13,1,5,8,12
159,8,10,12,1,4,9,3,11,7,6,13,5,2
90,3,4,5,8,6,2,12,1,10,9,11,7,13
125,9,2,5,13,8,4,12,10,7,11,3,6,1
52,4,11,7,5,2,13,6,1,3,10,9,8,12
187,5,10,8,1,6,4,13,12,11,3,2,9,7
190,5,4,8,10,7,12,3,2,11,1,6,13,9
192,7,9,13,8,5,12,6,1,11,10,2,3,4
115,5,8,10,7,12,11,4,9,1,13,2,6,3
32,8,6,12,1,13,3,2,9,11,7,4,10,5
35,10,12,3,1,7,8,6,2,9,13,5,11,4
161,2,8,6,11,12,13,9,7,3,10,4,1,5
192,11,13,6,5,8,2,10,1,9,3,7,4,12
110,8,7,10,6,11,12,2,4,3,13,1,9,5
146,1,9,6,12,4,11,7,5,2,10,8,13,3
76,13,9,8,4,5,2,10,3,6,11,12,1,7
163,2,1,12,5,13,8,11,7,10,6,4,9,3
179,11,10,7,9,13,3,8,4,5,6,1,2,12
195,9,4,13,11,12,10,7,2,5,6,1,8,3
80,6,12,3,11,2,4,9,7,8,5,1,10,13
76,11,1,7,4,8,12,13,10,5,6,9,2,3
92,13,3,8,5,1,7,12,9,11,6,2,4,10
156,4,12,2,5,3,1,6,7,9,8,11,10,13
2,10,3,4,12,13,1,5,6,7,2,9,11,8
1,1,3,9,6,10,12,11,13,2,8,5,7,4
135,5,4,3,7,10,9,8,12,6,1,13,11,2
118,13,8,3,6,11,2,9,5,7,12,1,4,10
92,10,5,4,6,1,3,9,2,7,8,13,11,12
114,1,11,9,3,7,5,8,2,12,10,13,6,4
112,12,8,9,2,1,4,7,5,3,11,10,6,13
133,2,11,5,1,7,6,4,3,10,13,8,9,12
9,13,12,3,9,1,5,6,7,8,10,4,11,2
9,6,4,9,2,1,7,12,10,11,8,13,3,5
35,4,10,9,1,6,13,11,3,12,7,8,2,5
106,13,6,11,4,7,9,1,3,10,2,8,5,12
58,6,13,2,10,5,12,1,9,7,11,3,8,4
198,8,9,10,11,7,1,2,13,12,5,6,4,3
164,5,12,11,7,10,3,4,8,9,2,13,6,1
4,6,12,2,3,5,8,9,4,10,13,7,11,1
60,1,8,4,10,7,2,9,12,13,6,5,3,11
173,11,13,7,1,8,2,6,4,10,9,12,5,3
115,11,10,2,5,3,1,7,12,8,13,4,6,9
117,10,3,7,4,5,8,11,1,13,12,6,2,9
71,8,11,2,7,12,4,10,9,13,6,3,5,1
161,10,12,7,13,11,3,2,8,5,4,1,9,6
1,11,12,10,6,2,4,9,13,1,3,7,5,8
62,4,7,9,6,5,2,8,12,10,13,11,3,1
77,3,5,11,8,13,6,10,9,7,1,12,2,4
172,8,9,5,7,4,2,11,10,12,1,6,3,13
169,7,3,11,10,5,6,4,1,8,9,2,13,12
21,2,3,4,12,10,5,6,11,13,8,9,7,1
151,5,11,6,2,10,13,7,1,3,12,4,9,8
148,3,2,8,13,5,6,7,1,11,10,4,12,9
29,3,8,10,9,11,6,12,1,2,5,7,13,4
33,12,1,6,9,4,11,8,3,2,5,10,13,7
130,7,5,6,12,4,3,13,8,2,11,9,10,1
138,2,7,1,3,11,8,9,5,10,13,6,4,12
178,9,6,11,1,12,10,2,3,7,8,13,5,4
195,10,13,2,6,8,1,7,11,3,12,4,5,9
58,6,3,8,1,11,4,2,5,10,7,12,13,9
81,2,3,11,12,8,6,13,7,1,9,4,5,10
13,7,6,4,9,11,10,3,5,12,13,8,2,1
25,7,12,6,1,8,5,11,10,9,3,4,13,2
24,9,10,4,2,13,5,3,7,11,1,12,6,8
176,8,2,6,1,12,9,10,4,11,13,3,5,7
40,10,1,2,6,3,8,4,13,5,9,11,7,12
139,5,6,4,12,10,8,7,2,11,1,3,13,9
94,4,2,9,13,8,7,6,12,11,3,10,1,5
157,9,4,10,1,6,13,3,7,8,12,2,11,5
198,1,7,11,13,5,10,2,4,9,12,6,3,8
130,8,4,7,1,2,6,12,13,5,11,9,10,3
133,13,10,5,7,12,11,3,8,2,6,4,1,9
145,5,4,2,11,10,6,9,8,13,7,12,1,3
24,9,12,3,1,10,6,7,8,2,13,4,5,11
18,3,1,13,5,4,9,7,6,11,8,12,2,10
131,1,10,5,12,11,9,2,4,3,6,13,7,8
8,13,2,12,11,4,5,10,8,9,1,3,7,6
133,13,12,8,5,9,7,6,3,11,1,4,10,2
48,13,4,3,7,2,8,9,11,5,10,1,6,12
31,9,6,10,12,1,3,7,8,4,11,2,5,13
138,12,5,3,9,13,6,10,8,1,4,11,2,7
36,11,3,1,6,12,2,8,5,7,10,4,13,9
25,1,10,2,13,7,9,11,8,4,12,6,5,3
64,2,5,1,9,8,11,4,3,12,7,10,13,6
167,4,6,13,8,7,2,9,5,12,11,1,10,3
135,2,9,3,5,10,8,13,11,1,12,6,4,7
169,4,13,6,5,9,8,11,10,12,2,1,3,7
198,3,6,7,4,10,2,5,9,13,8,11,12,1
26,1,13,10,7,8,4,3,11,2,9,6,12,5
132,2,13,5,12,10,1,3,9,7,6,8,11,4
35,5,1,3,11,8,6,7,10,9,2,12,4,13
77,9,5,11,13,7,2,1,4,3,12,6,8,10
21,7,2,10,5,6,12,3,11,9,1,13,4,8
18,1,2,8,7,9,12,6,4,3,13,11,5,10
72,4,11,2,3,5,13,6,12,7,9,10,8,1
97,1,6,3,13,4,8,5,11,12,2,10,7,9
92,6,13,3,12,7,9,4,8,2,11,10,1,5
43,2,5,3,9,8,11,4,10,1,6,7,12,13
10,6,13,9,12,5,3,4,8,10,1,7,2,11
22,2,4,13,8,11,1,9,6,3,5,10,12,7
121,6,2,1,7,9,3,13,10,12,8,4,5,11
62,4,3,5,6,11,8,9,13,10,12,7,2,1
52,4,6,7,10,5,8,3,1,2,11,12,9,13
15,13,5,11,2,1,8,12,9,6,4,10,3,7
117,8,12,11,6,13,1,7,10,4,9,5,3,2
132,6,1,2,8,10,7,12,11,3,4,13,9,5
49,8,7,6,4,3,11,12,5,10,2,9,1,13
102,8,10,12,1,7,11,2,6,9,5,13,3,4
145,9,8,12,2,13,4,10,5,11,1,6,3,7
12,9,13,10,3,12,8,11,4,6,5,1,7,2
43,13,9,12,8,3,11,1,5,2,6,7,4,10
120,3,6,9,7,8,13,10,11,2,1,12,4,5
2,5,9,2,7,11,6,13,4,12,3,10,1,8
120,3,5,6,7,4,10,9,8,1,13,12,11,2
173,6,1,13,2,7,3,10,5,4,12,11,8,9
16,2,6,12,8,7,11,13,10,9,5,4,3,1
191,10,3,4,13,2,7,5,9,1,8,11,12,6
32,5,4,13,12,8,9,3,1,7,11,2,6,10
103,10,11,8,2,9,7,12,4,13,6,1,5,3
23,2,7,10,3,1,13,5,11,9,8,4,12,6
25,5,7,8,2,6,3,11,9,13,12,10,4,1
66,6,1,3,9,11,5,4,7,10,2,8,13,12
180,13,1,3,6,10,11,4,5,12,9,2,8,7
103,13,2,7,6,8,1,9,11,3,10,5,4,12
187,1,11,12,9,13,8,6,10,3,5,4,7,2
33,13,6,5,3,4,1,7,8,9,2,10,12,11
166,6,1,12,11,2,5,3,4,7,8,13,9,10
64,4,7,6,9,10,3,2,1,11,8,5,13,12
37,6,2,11,13,7,4,8,10,5,3,9,1,12
111,5,7,11,2,1,13,3,10,8,6,12,4,9
173,7,11,13,6,3,5,4,1,9,8,12,10,2
80,10,1,11,9,4,7,5,3,2,13,8,6,12
113,9,7,8,3,10,4,13,11,12,6,1,2,5
153,2,7,13,6,10,12,3,9,4,1,11,8,5
39,11,9,4,12,7,8,3,10,1,2,6,13,5
179,13,10,12,2,6,1,4,7,8,3,11,5,9
80,8,7,6,3,11,4,12,1,2,5,13,10,9
116,5,11,13,2,9,10,12,7,1,8,6,3,4
76,8,3,6,2,11,12,9,4,5,7,10,1,13
200,7,4,11,9,8,1,3,2,10,5,6,12,13
115,10,9,11,6,3,7,1,5,12,2,8,13,4
182,9,2,12,6,7,5,3,4,1,13,8,10,11
94,4,13,1,12,6,9,11,5,2,7,8,10,3
87,6,10,7,12,3,11,1,4,9,5,2,13,8
173,6,7,13,5,8,4,2,10,9,3,12,1,11
95,7,8,12,4,2,1,11,9,3,10,5,6,13
94,3,4,13,5,12,8,1,6,10,2,11,9,7
187,3,13,11,1,8,4,7,5,12,9,6,2,10
115,8,3,12,2,13,7,9,10,4,6,5,11,1
13,5,4,12,8,3,13,9,6,1,7,10,2,11
87,2,9,8,4,5,7,3,11,10,13,1,6,12
197,3,7,4,12,1,6,9,8,2,5,11,10,13
104,9,1,11,10,12,4,5,3,2,13,8,6,7
155,4,3,13,9,1,11,8,2,5,10,6,12,7
35,12,5,2,11,3,9,4,6,10,8,13,1,7
97,7,10,9,8,11,3,6,4,1,2,5,13,12
80,5,9,6,3,7,8,1,10,2,13,11,4,12
16,9,12,3,8,5,1,4,11,13,2,10,7,6
101,11,8,5,10,6,12,2,3,7,1,4,13,9
4,11,1,13,5,9,4,12,2,3,6,10,8,7
128,6,9,10,5,11,12,1,7,3,2,4,8,13
119,4,6,12,13,7,5,1,8,3,9,11,10,2
75,8,6,4,13,1,10,2,9,12,7,5,3,11
61,5,3,8,2,4,12,11,6,13,10,7,1,9
40,12,8,5,1,3,6,11,4,9,13,7,10,2
103,6,3,9,2,7,4,13,1,8,10,5,11,12
40,13,11,8,3,12,5,10,2,7,1,4,6,9
9,8,12,9,3,1,13,6,10,7,4,11,5,2
114,10,4,11,9,13,12,6,1,3,7,2,5,8
68,9,2,5,8,3,12,1,10,7,4,6,11,13
24,12,13,5,9,8,6,10,7,11,2,1,4,3
92,9,6,11,2,13,8,7,12,4,1,10,5,3
87,10,6,5,11,9,7,2,3,8,4,1,12,13
105,13,12,2,1,11,7,5,3,9,10,8,6,4
116,12,2,8,10,4,7,13,5,1,9,11,3,6
20,9,13,12,11,1,7,4,5,8,2,6,10,3
157,11,3,2,4,9,5,6,12,13,1,10,8,7
122,12,8,11,9,5,3,6,1,13,10,7,4,2
4,10,8,12,2,6,5,4,3,7,9,11,13,1
16,13,9,3,11,12,1,6,2,8,10,4,5,7
121,2,10,11,3,9,1,12,8,7,13,4,6,5
93,2,8,6,9,1,10,3,13,7,5,4,11,12
0,6,4,5,1,8,12,11,10,7,13,3,2,9
97,13,7,10,5,8,11,1,4,6,12,3,9,2
133,10,9,3,4,13,6,7,12,1,5,8,11,2
9,2,12,3,7,11,1,5,13,8,9,4,6,10
107,7,10,5,8,13,9,6,4,11,2,1,3,12
99,4,1,12,5,9,2,6,13,8,11,3,7,10
59,2,5,12,13,7,1,11,3,6,4,10,9,8
174,12,6,5,11,7,13,1,9,4,8,10,2,3
113,1,13,5,2,6,7,3,8,9,4,10,12,11
16,9,5,3,13,10,8,6,1,12,11,2,7,4
100,8,13,9,11,1,3,12,10,2,6,4,5,7
66,8,2,5,6,1,12,10,13,7,11,9,3,4
71,7,12,10,13,8,5,9,4,3,6,2,1,11
149,5,1,3,4,13,9,6,7,12,11,8,2,10
27,13,11,9,12,2,4,10,6,7,5,3,1,8
43,10,1,2,11,7,6,3,9,8,12,5,13,4
188,7,9,13,10,11,1,4,12,6,3,8,2,5
31,5,13,11,7,9,4,8,10,6,12,1,3,2
94,3,13,10,8,11,5,7,9,6,12,2,4,1
152,9,11,7,8,2,12,13,10,4,3,1,5,6
139,2,11,10,6,7,4,9,8,3,12,1,13,5
72,4,3,2,5,13,8,9,7,6,10,12,11,1
52,4,3,13,12,8,6,10,5,1,2,11,7,9
134,12,7,3,13,10,1,11,8,6,5,2,9,4
62,7,8,2,9,5,1,10,11,6,12,4,3,13
77,10,1,4,12,5,3,13,8,6,7,9,2,11
118,11,10,2,13,1,12,4,6,3,7,8,9,5
102,4,10,7,12,6,2,8,11,3,1,9,5,13
192,3,11,8,13,4,5,10,9,7,1,6,12,2
184,8,4,3,2,7,5,1,6,13,11,9,10,12
94,7,12,4,8,2,6,5,13,1,11,9,10,3
187,5,7,11,3,4,9,8,2,13,12,10,1,6
102,2,9,13,1,11,5,12,10,8,6,3,7,4
73,9,1,10,2,11,8,6,12,13,3,4,5,7
115,2,8,7,3,10,1,5,12,13,9,11,6,4
19,10,8,3,7,11,9,4,6,2,13,1,5,12
63,2,7,4,3,9,13,8,12,1,6,11,10,5
30,7,2,13,12,9,6,10,3,8,11,4,1,5
76,10,2,8,6,1,12,4,3,9,7,11,13,5
145,6,2,3,1,4,8,12,10,11,7,5,13,9
89,9,13,2,12,7,10,11,4,5,3,6,8,1
33,2,9,12,6,10,13,1,3,8,11,4,7,5
0,1,11,3,5,12,6,13,8,2,4,10,7,9
132,9,6,2,5,10,11,8,7,1,13,12,3,4
100,11,3,13,6,8,2,12,5,7,1,4,9,10
197,7,2,4,13,8,6,10,9,11,3,5,1,12
50,7,12,5,1,11,2,3,13,9,10,6,8,4
169,13,10,1,2,5,7,4,8,12,6,9,3,11
169,2,13,9,3,10,1,7,11,12,4,8,5,6
180,12,6,3,7,11,9,2,13,4,5,10,1,8
5,13,12,4,1,2,9,10,11,8,3,7,5,6
130,3,9,5,2,13,7,11,4,6,10,8,1,12
94,4,8,10,6,13,3,12,9,2,5,7,1,11
96,1,6,5,7,12,8,2,3,10,4,9,13,11
97,5,6,11,7,4,8,1,10,12,2,9,13,3
79,3,13,11,4,2,8,9,5,7,10,6,1,12
1,8,4,1,7,5,10,9,12,2,3,13,6,11
90,3,13,12,1,4,6,9,10,8,2,5,11,7
68,3,6,8,9,4,1,12,10,7,11,5,13,2
2,4,2,7,6,10,3,12,5,1,13,9,8,11
130,11,7,13,8,4,2,6,10,12,1,5,3,9
132,1,9,4,3,6,12,10,2,13,8,7,11,5
11,8,5,7,9,11,12,6,13,2,1,3,4,10
53,6,4,3,13,9,10,12,8,2,5,11,1,7
107,2,11,6,5,1,12,4,9,3,8,13,10,7
106,8,13,3,5,11,4,6,1,9,7,10,12,2
35,9,12,7,3,13,5,11,1,10,4,6,8,2
151,9,10,5,6,12,11,4,1,8,2,7,3,13
132,13,9,7,11,1,10,3,2,12,6,4,8,5
113,10,12,5,6,8,2,1,3,9,4,7,13,11
71,7,13,10,3,11,1,9,4,8,12,6,2,5
68,12,5,8,1,3,6,11,13,4,7,2,10,9
97,13,11,10,7,2,12,8,1,3,5,6,4,9
72,9,8,12,5,11,3,1,7,4,6,13,10,2
143,12,4,3,7,13,9,11,5,2,10,6,1,8
105,8,2,11,4,6,1,9,13,5,10,3,12,7
196,4,10,6,13,1,12,2,3,7,8,5,9,11
65,5,4,9,10,12,6,8,2,3,11,7,13,1
66,7,10,9,5,12,4,11,2,8,13,1,3,6
30,11,9,4,2,5,13,8,3,12,7,1,6,10
193,9,3,1,7,12,8,6,10,11,13,4,5,2
30,1,10,5,4,3,6,12,2,9,8,7,13,11
163,1,8,9,7,2,13,5,4,3,11,12,6,10
184,8,11,13,9,12,10,7,3,2,4,1,6,5
6,5,6,7,4,8,1,3,10,9,11,13,2,12
183,10,3,9,2,12,1,4,6,5,8,7,11,13
164,9,7,13,11,5,8,10,3,1,6,4,12,2
70,6,4,13,7,9,1,10,8,11,5,12,2,3
9,11,1,12,9,2,3,6,4,13,5,8,7,10
195,5,12,9,7,13,3,6,4,8,11,2,1,10
35,12,11,7,8,1,5,13,10,4,9,2,3,6
15,10,8,5,3,7,12,9,11,6,1,4,13,2
35,10,13,5,3,4,6,12,9,11,7,1,2,8
163,5,13,1,7,6,10,11,8,3,9,2,12,4
45,6,1,10,9,13,7,12,8,11,4,2,5,3
182,3,13,9,2,4,5,7,6,10,12,8,1,11
70,4,2,12,7,8,6,1,5,3,10,13,11,9
98,2,4,3,9,13,10,5,8,12,7,1,6,11
70,12,5,6,3,7,8,10,9,11,13,2,4,1
112,10,13,5,11,4,2,1,3,12,7,9,6,8
47,4,10,1,13,5,12,11,2,9,6,8,7,3
135,6,11,12,10,13,8,4,3,2,1,9,7,5
67,11,3,12,2,13,10,9,1,4,8,6,7,5
72,1,4,8,6,3,10,9,11,2,7,12,5,13
3,13,8,4,12,6,11,10,5,1,3,7,9,2
34,7,5,8,6,1,10,11,3,4,13,9,2,12
76,7,9,4,6,1,12,13,11,8,2,10,5,3
33,1,13,8,4,9,2,3,5,7,12,6,11,10
153,7,10,2,13,8,5,3,9,12,4,1,6,11
63,10,11,13,12,8,5,3,1,7,4,2,9,6
16,7,3,2,13,9,6,10,5,1,8,11,4,12
54,12,6,1,3,13,9,11,8,2,4,7,5,10
39,10,2,6,7,4,12,13,11,8,9,3,1,5
93,2,5,7,3,10,9,4,12,8,13,11,1,6
8,7,12,5,11,6,8,1,4,2,9,3,13,10
136,13,11,1,10,5,9,6,12,7,3,4,8,2
155,4,9,7,12,8,1,13,5,11,10,3,6,2
107,7,11,10,6,5,9,13,8,1,3,12,4,2
124,4,5,7,3,9,6,8,13,12,1,11,2,10
112,1,8,2,7,5,4,6,12,11,13,9,10,3
54,7,1,6,11,10,4,8,2,13,9,5,3,12
119,9,8,2,6,7,4,1,13,3,10,11,5,12
129,6,3,12,9,8,10,1,13,7,5,11,2,4
132,4,8,13,9,6,12,3,5,11,1,7,10,2
83,5,10,3,13,11,1,8,12,4,9,6,7,2
81,1,7,2,4,10,12,11,8,9,13,6,5,3
183,5,9,12,3,7,10,13,6,1,11,4,2,8
180,8,10,11,9,7,5,13,2,4,1,12,6,3
186,12,7,8,10,11,2,4,6,1,13,9,3,5
3,12,3,8,6,5,7,4,2,9,11,10,13,1
120,7,9,4,8,10,13,2,1,6,3,11,12,5
94,8,12,7,1,3,2,9,11,4,5,13,6,10
28,5,11,1,8,4,2,3,6,12,10,7,13,9
200,5,13,11,3,4,2,7,12,6,10,9,1,8
64,11,10,6,9,7,2,12,1,3,13,8,5,4
77,3,6,2,9,13,5,8,10,4,7,12,11,1
77,2,5,8,6,3,12,13,4,11,1,10,7,9
77,13,10,11,3,2,7,4,8,12,1,9,6,5
133,10,3,7,2,1,8,4,12,13,9,6,5,11
97,1,13,2,9,11,10,12,5,6,3,8,7,4
11,7,11,4,12,9,6,5,8,10,1,2,3,13
140,3,9,13,5,8,1,6,7,11,4,10,12,2
108,9,4,6,3,10,7,12,5,13,2,11,8,1
175,11,6,8,13,2,9,3,7,4,1,12,10,5
83,9,4,13,12,1,7,10,3,5,6,8,2,11
34,10,1,9,12,5,4,7,2,3,6,11,8,13
106,4,8,10,5,6,11,2,13,9,7,3,1,12
89,9,2,11,1,5,8,10,12,4,3,13,7,6
4,10,1,13,5,9,11,7,2,12,8,3,6,4
129,13,8,7,12,4,5,11,2,10,6,3,9,1
39,12,11,3,5,13,7,8,1,4,9,10,6,2
108,2,6,11,3,7,12,5,10,9,8,13,1,4
73,2,6,9,8,1,12,13,7,3,5,4,10,11
169,4,3,6,10,1,5,13,9,8,12,7,11,2
87,4,7,6,12,8,5,13,3,2,9,1,11,10
25,7,6,11,1,2,8,4,9,10,3,5,12,13
164,2,12,10,3,4,1,8,13,7,6,9,11,5
23,3,4,1,5,8,7,11,9,13,12,2,10,6
127,8,9,1,7,12,13,5,3,10,2,11,4,6
85,4,9,8,13,6,11,2,12,5,7,10,1,3
85,13,7,1,5,11,6,12,3,10,8,9,4,2
180,4,2,13,12,3,8,7,11,9,5,10,6,1
187,3,12,6,1,10,5,13,9,7,4,8,2,11
154,7,1,12,5,11,3,13,2,6,8,4,10,9
151,9,10,11,13,5,3,2,12,1,8,6,7,4
89,13,3,10,6,8,12,11,7,1,5,4,2,9
126,10,2,4,3,6,1,7,11,13,8,9,12,5
93,12,3,10,9,11,1,5,8,4,2,13,7,6
122,4,2,8,10,5,3,11,7,9,13,12,1,6
139,7,6,10,2,9,5,4,3,1,8,11,12,13
192,4,10,2,5,11,9,6,7,3,12,13,8,1
60,3,11,2,7,10,6,1,12,8,5,13,4,9
105,5,12,13,11,2,4,6,1,7,10,3,9,8
197,4,7,9,10,5,8,1,3,13,12,6,11,2
154,5,6,8,7,9,12,3,10,1,4,2,13,11
50,13,6,12,2,1,9,8,10,4,5,7,3,11
111,3,10,7,9,12,11,8,5,2,1,6,4,13
67,12,5,10,7,8,9,13,6,1,2,4,11,3
104,9,12,7,1,8,2,6,3,10,13,5,4,11
130,6,4,10,1,13,7,9,11,2,5,3,8,12
31,8,1,6,9,10,5,7,11,12,3,2,13,4
51,1,4,6,12,11,3,13,9,8,2,5,10,7
36,6,1,2,12,9,5,4,13,8,3,10,11,7
116,7,3,4,12,8,5,11,2,10,9,1,13,6
20,13,10,4,9,5,12,6,3,1,8,7,2,11
85,6,12,13,7,10,9,8,5,3,1,2,4,11
146,7,6,3,13,2,8,9,12,11,4,10,1,5
188,5,4,8,2,10,9,6,3,11,1,12,13,7
147,10,11,1,4,9,6,12,8,5,13,3,2,7
128,10,8,12,5,11,4,13,6,9,3,2,1,7
198,13,2,1,3,10,4,12,7,11,9,8,6,5
62,10,11,9,5,13,12,6,1,4,7,2,3,8
98,5,3,8,10,11,6,12,1,4,13,7,9,2
71,5,10,3,12,11,1,6,9,8,4,2,13,7
71,10,12,7,11,13,8,1,6,5,3,9,4,2
101,4,10,6,2,7,3,9,12,11,8,1,13,5
74,9,6,8,2,10,5,3,11,12,13,4,7,1
162,9,5,1,3,4,13,12,11,8,7,6,2,10
195,3,4,12,10,8,7,9,1,13,2,11,6,5
65,1,11,9,8,3,6,12,13,10,4,5,7,2
179,11,10,1,9,2,4,8,12,3,13,5,7,6
179,5,1,2,9,6,10,13,11,3,8,12,7,4
194,5,8,7,3,10,6,11,13,4,12,1,2,9
51,11,8,7,5,12,9,6,3,10,1,4,13,2
139,7,2,6,13,3,5,4,11,10,12,8,1,9
0,10,4,11,8,13,6,12,2,7,5,3,1,9
123,13,8,10,9,12,2,5,4,3,11,6,7,1
9,9,3,10,4,6,5,2,7,11,12,13,1,8
79,1,9,8,13,10,7,2,12,4,11,5,3,6
30,3,7,5,9,13,1,6,11,12,4,8,10,2
165,4,10,12,13,11,9,3,8,7,6,5,2,1
131,3,10,8,6,7,5,4,11,13,1,12,2,9
125,10,7,1,3,13,11,4,2,5,9,6,12,8
170,12,4,9,13,10,1,6,2,3,8,11,5,7
13,7,11,10,2,12,8,13,1,5,3,4,9,6
91,5,10,7,4,11,3,12,13,6,8,1,9,2
184,9,13,8,4,2,10,7,3,11,12,6,1,5
115,2,4,11,12,5,8,3,1,9,6,7,13,10
145,3,5,12,8,11,9,6,7,4,10,13,2,1
138,10,12,7,1,3,2,13,9,8,4,6,5,11
41,1,6,10,4,7,5,9,2,11,12,3,8,13
112,9,2,13,10,11,5,1,7,3,12,8,4,6
38,3,10,6,13,12,1,7,11,5,9,8,4,2
36,10,1,2,8,13,7,3,11,12,6,9,4,5
115,10,13,8,5,11,3,1,4,7,6,12,2,9
170,6,3,1,4,11,9,8,5,13,7,12,10,2
67,8,13,12,5,10,7,1,6,4,9,11,3,2
173,5,3,2,6,11,13,12,4,10,9,1,7,8
106,10,4,11,8,2,9,7,6,1,3,13,12,5
33,9,11,13,7,4,10,6,12,8,2,1,3,5
111,2,5,7,1,3,10,13,11,6,9,8,4,12
97,9,8,13,10,3,6,12,11,4,1,2,7,5
106,4,9,12,6,8,3,7,5,13,2,11,1,10
67,2,10,13,8,11,4,9,6,7,5,1,3,12
104,2,13,1,8,11,6,9,5,12,7,10,3,4
196,6,1,9,5,3,7,13,11,4,8,12,10,2
23,13,4,12,7,6,8,10,3,5,2,11,9,1
34,8,11,4,9,6,13,12,3,1,10,5,2,7
69,6,12,9,4,13,3,11,5,1,7,2,8,10
115,10,6,13,9,5,2,11,7,3,4,8,12,1
96,5,13,2,11,9,3,8,6,7,12,1,10,4
51,8,10,9,12,7,4,6,1,13,3,11,2,5
155,5,2,12,8,1,13,4,6,7,9,11,10,3
139,7,11,6,5,4,10,3,12,9,1,13,8,2
45,11,5,7,3,1,13,9,12,2,8,4,10,6
24,2,11,10,13,8,1,12,3,9,4,5,6,7
107,2,3,1,4,6,5,10,11,13,8,12,7,9
51,2,12,5,9,3,11,1,7,8,6,4,10,13
189,4,7,12,1,5,9,6,3,11,2,8,13,10
165,9,10,5,11,7,1,12,3,6,8,13,4,2
153,12,1,2,6,4,8,11,9,7,13,3,5,10
148,13,9,3,8,7,5,6,12,11,10,2,1,4
126,12,9,7,8,10,3,1,6,2,4,13,11,5
190,1,10,2,12,4,5,13,11,9,6,3,8,7
8,7,5,8,9,13,4,10,1,2,3,6,11,12
80,6,2,7,12,3,13,8,1,4,10,11,9,5
147,6,10,5,7,11,8,13,9,4,2,12,1,3
110,3,2,8,5,7,1,6,13,9,12,4,11,10
74,4,3,9,7,8,6,10,5,13,1,12,11,2
138,5,13,11,10,12,3,7,1,6,4,2,9,8
181,11,1,4,8,3,6,12,2,13,7,9,10,5
116,3,2,7,9,1,4,5,6,12,13,11,8,10
8,5,12,4,11,10,2,8,1,13,7,9,6,3
116,5,13,12,3,1,8,7,9,10,2,6,4,11
101,12,4,2,5,8,7,3,1,6,9,13,10,11
157,11,9,2,13,12,10,5,4,8,7,6,1,3
24,6,5,2,1,3,7,9,8,10,11,4,12,13
105,5,10,2,11,9,6,13,12,3,7,4,1,8
7,11,2,1,4,5,6,13,3,12,7,8,10,9
116,6,1,8,7,13,9,12,2,10,4,11,3,5
81,9,12,4,2,8,13,11,7,10,1,5,6,3
188,1,10,9,5,2,7,8,4,3,11,6,12,13
90,7,6,4,5,13,3,9,12,10,2,1,8,11
145,9,6,1,3,7,12,5,11,10,8,4,13,2
156,13,1,12,2,7,11,10,8,9,4,5,3,6
82,2,3,11,4,5,10,7,6,13,12,8,1,9
13,5,10,7,11,13,2,3,6,1,9,4,12,8
27,9,5,6,3,7,2,10,8,13,11,4,12,1
185,5,9,6,3,7,13,11,12,4,8,2,1,10
32,4,1,12,5,11,7,13,3,6,2,9,8,10
118,7,2,9,5,4,8,12,6,13,11,3,10,1
177,5,10,9,6,12,7,2,11,1,13,8,3,4
133,9,11,5,7,13,2,12,1,10,6,8,4,3
20,3,8,1,9,4,11,13,12,10,2,5,6,7
23,11,12,3,8,2,10,4,7,6,1,5,13,9
88,7,5,11,3,4,12,1,6,13,10,2,8,9
128,3,4,1,10,7,9,6,8,11,12,2,5,13
169,3,1,12,10,9,5,11,7,4,13,2,6,8
162,11,10,13,9,12,3,8,2,7,6,4,5,1
94,12,10,13,4,8,3,7,9,1,6,11,2,5
135,12,5,10,9,11,7,3,1,2,4,8,6,13
58,6,13,11,2,8,9,10,5,3,12,1,7,4
123,8,2,4,10,11,6,1,13,12,7,9,5,3
43,2,6,7,11,5,13,4,12,9,3,8,10,1
29,10,8,3,4,2,11,7,5,12,1,9,6,13
84,11,5,2,1,9,10,6,13,7,8,4,3,12
6,6,13,1,11,3,12,10,8,4,2,5,9,7
142,13,12,7,6,5,4,3,10,2,1,9,8,11
79,10,8,3,2,9,6,13,1,7,5,4,11,12
2,11,1,9,7,5,13,4,3,8,12,6,10,2
15,10,7,2,3,9,11,1,5,8,13,12,4,6
12,10,9,8,6,3,2,11,13,12,4,7,1,5
2,12,5,2,13,1,6,4,11,7,10,8,3,9
191,6,10,7,9,5,12,2,11,13,3,1,4,8
149,13,2,1,6,8,5,3,12,10,7,9,11,4
198,7,5,12,3,1,10,2,6,11,8,13,4,9
165,2,5,4,9,7,3,6,11,12,8,13,10,1
108,8,2,11,1,10,9,4,12,5,3,13,6,7
56,1,4,6,3,8,13,7,5,11,10,2,12,9
156,8,10,7,4,12,11,1,9,5,6,3,2,13
58,7,9,4,13,2,10,8,3,5,1,6,12,11
65,11,2,3,1,6,8,7,10,5,13,9,12,4
102,4,3,6,1,5,13,8,9,12,7,2,10,11
85,4,1,2,13,6,10,12,8,3,11,5,7,9
49,9,13,10,7,2,11,6,12,1,8,3,5,4
162,7,3,9,13,4,6,12,2,11,5,10,1,8
165,9,4,2,12,3,5,11,1,6,13,8,10,7
65,8,6,9,3,4,11,1,12,2,7,5,10,13
33,13,1,9,7,10,8,2,3,11,4,5,12,6
132,2,5,6,11,1,3,12,7,10,8,9,4,13
33,8,6,3,4,9,2,1,11,10,12,13,7,5
104,2,9,13,12,6,1,7,3,11,8,10,5,4
192,3,1,9,2,5,13,4,6,7,12,8,10,11
135,7,8,4,6,5,10,9,2,11,12,1,3,13
35,2,4,6,7,13,12,1,9,5,11,10,3,8
72,13,8,4,12,11,9,1,6,7,10,5,3,2
125,11,8,10,7,2,6,5,13,9,4,1,3,12
152,4,10,1,9,7,6,13,12,3,5,11,8,2
64,12,4,5,7,8,1,10,11,9,2,13,3,6
141,6,5,3,13,11,10,7,4,1,12,2,8,9
72,9,13,5,6,1,3,10,8,2,12,11,7,4
176,3,11,12,10,6,2,7,9,5,8,4,1,13
153,12,4,7,10,5,2,9,8,3,6,1,11,13
120,2,9,6,1,8,13,11,4,5,7,10,12,3
155,1,5,8,10,12,3,4,9,2,13,7,6,11
21,8,7,3,9,13,2,5,10,6,12,11,1,4
144,8,7,3,9,5,6,4,2,13,11,1,12,10
144,1,2,4,9,6,10,3,8,12,7,11,13,5
29,13,4,6,2,9,11,8,1,5,7,12,3,10
118,10,1,8,7,9,4,6,3,11,5,13,12,2
96,9,5,13,10,2,4,6,12,3,11,8,7,1
91,11,9,8,3,2,7,13,1,12,5,10,6,4
40,2,5,10,8,3,6,1,9,11,12,4,7,13
111,6,12,13,4,8,2,3,9,10,11,1,5,7
165,2,5,1,7,13,10,4,6,11,9,8,12,3
171,1,9,4,5,6,13,11,12,10,2,3,7,8
139,6,13,2,9,4,1,12,11,8,10,3,7,5
79,4,8,2,10,1,6,7,13,9,11,3,5,12
93,13,4,5,3,11,7,1,8,2,12,9,10,6
110,8,3,4,10,2,6,12,9,7,11,5,1,13
76,4,5,6,11,2,8,1,3,12,7,10,9,13
162,4,10,5,11,13,1,12,6,8,2,3,7,9
185,7,6,3,9,8,2,1,11,4,5,10,13,12
49,5,10,2,9,7,8,3,12,4,13,1,6,11
182,1,3,10,4,9,11,7,6,5,8,2,13,12
110,4,2,13,12,7,8,11,1,5,10,9,6,3
147,3,11,2,8,5,9,10,6,4,13,12,1,7
124,2,6,10,4,9,1,8,11,7,13,12,5,3
149,5,10,8,9,4,11,2,3,13,6,7,1,12
22,9,8,5,12,10,4,13,6,7,1,2,11,3
51,3,12,9,8,7,4,13,10,1,2,6,5,11
175,3,1,9,6,7,12,10,5,11,8,2,4,13
198,13,5,4,2,9,10,7,3,11,6,1,8,12
173,5,1,7,12,3,2,4,10,6,9,11,13,8
118,2,3,4,6,12,5,10,8,9,11,1,7,13
27,13,8,7,12,11,2,4,6,10,3,9,1,5
137,3,10,11,6,13,7,12,1,2,5,9,8,4
124,11,6,4,13,5,12,2,7,3,1,10,8,9
1,5,13,2,10,1,11,7,12,6,9,8,3,4
191,10,1,6,13,8,4,12,2,11,7,9,3,5
74,9,13,3,12,2,1,4,8,10,5,7,6,11
118,7,10,11,3,4,12,2,1,5,6,9,13,8
48,7,12,2,4,8,5,1,3,11,10,6,9,13
155,11,10,2,7,12,13,6,9,4,3,1,5,8
15,13,2,12,1,7,3,9,4,5,8,10,11,6
33,10,7,2,8,4,9,5,11,13,6,12,1,3
94,12,2,9,1,3,11,4,8,7,5,6,13,10
57,4,10,12,3,8,7,11,2,9,13,1,5,6
7,6,12,11,5,4,7,8,13,10,1,9,3,2
107,8,7,1,9,3,13,2,5,12,11,10,4,6
105,7,12,2,8,9,1,13,4,3,10,11,6,5
195,9,13,7,1,5,8,2,10,4,3,6,11,12
3,3,4,1,13,11,10,8,12,2,6,7,9,5
190,13,3,8,7,12,11,9,10,1,4,6,2,5
0,12,11,1,3,8,5,10,6,13,2,7,9,4
37,4,8,11,1,2,12,9,3,13,7,10,5,6
22,10,4,5,9,3,8,12,6,1,7,2,11,13
166,11,6,13,1,12,8,3,5,10,7,9,4,2
167,11,9,5,12,13,2,10,4,7,1,3,8,6
101,2,12,4,5,8,10,13,7,1,11,6,3,9
158,3,5,10,8,6,9,13,11,7,1,12,4,2
114,12,9,13,8,1,7,5,11,3,2,6,10,4
190,5,1,11,12,3,6,13,2,4,9,10,7,8
85,7,9,4,5,1,8,10,11,13,6,2,12,3
94,2,9,13,12,10,4,6,5,1,11,8,3,7
105,12,11,7,8,3,2,1,10,9,4,5,6,13
3,9,12,11,3,1,10,6,7,8,5,4,13,2
6,6,4,12,7,11,9,1,3,13,10,5,8,2
57,12,5,13,6,7,1,10,8,11,3,2,4,9
48,1,2,12,13,4,8,11,3,7,9,6,10,5
27,11,8,7,10,3,6,5,1,9,2,12,13,4
72,9,5,12,6,13,3,2,11,8,10,4,1,7
199,8,1,12,9,3,2,6,13,11,7,4,10,5
50,2,11,9,10,8,6,13,5,12,7,3,1,4
85,7,8,12,3,2,11,5,4,9,6,1,10,13
15,2,1,5,12,9,7,4,13,8,6,3,11,10
80,4,10,6,2,13,7,12,3,1,8,9,11,5
179,9,6,7,10,3,1,13,5,4,11,2,8,12
26,8,3,4,1,7,12,6,9,5,13,10,11,2
42,5,6,4,13,10,1,12,8,7,3,2,9,11
47,2,12,9,10,5,13,8,1,4,6,7,3,11
22,7,9,12,8,4,11,1,2,13,3,5,10,6
142,3,5,9,13,11,8,1,12,6,4,10,2,7
22,11,1,4,2,5,6,7,3,8,9,12,13,10
89,4,12,11,5,3,10,9,6,13,1,8,2,7
129,11,12,7,4,8,1,5,2,13,6,3,10,9
79,13,12,9,1,8,2,6,7,5,3,10,11,4
164,7,11,1,6,3,4,10,13,8,12,5,9,2
67,4,11,2,7,8,1,10,13,12,9,6,3,5
28,11,1,13,4,10,3,6,7,9,5,2,12,8
81,6,13,3,5,4,11,9,1,8,2,7,12,10
121,5,12,1,8,9,7,10,13,6,4,3,2,11
55,2,9,1,8,7,12,11,5,13,10,6,3,4
110,13,5,9,10,12,4,11,8,6,2,1,7,3
30,7,2,8,4,3,12,10,1,9,6,13,5,11
11,9,13,10,7,12,5,3,6,8,4,1,2,11
18,6,11,12,7,8,4,9,3,5,13,2,1,10
177,10,12,8,9,3,13,6,2,4,1,7,11,5
12,4,1,6,13,9,2,3,5,8,11,7,10,12
113,13,12,3,1,8,7,11,6,2,9,10,4,5
133,9,1,4,6,10,3,8,2,5,11,12,7,13
58,1,4,2,13,5,11,7,9,3,6,8,12,10
125,7,1,5,9,10,13,4,12,11,2,6,3,8
190,3,9,1,6,11,5,4,13,7,2,10,8,12
166,3,13,9,8,12,5,11,4,7,1,10,6,2
120,5,12,6,9,13,3,10,7,8,4,2,1,11
156,4,11,10,12,9,5,7,1,8,13,6,3,2
155,2,8,13,5,6,3,1,10,7,4,11,12,9
180,8,12,1,7,3,9,6,11,10,4,2,5,13
153,10,13,12,9,3,5,8,4,2,7,6,1,11
162,8,5,3,7,1,12,6,13,4,9,2,11,10
177,4,11,2,8,5,12,7,6,9,3,13,10,1
37,2,12,10,4,11,8,1,3,9,5,13,6,7
91,5,3,1,4,2,7,13,11,10,6,12,9,8
145,12,7,8,5,11,1,6,4,13,2,3,9,10
4,6,4,7,1,3,10,8,9,13,12,2,11,5
87,12,9,10,7,11,3,4,6,13,1,5,2,8
87,7,6,9,8,13,2,1,3,5,4,11,12,10
169,1,5,13,12,11,2,4,7,3,9,6,10,8
151,4,5,11,1,10,6,7,8,12,13,9,2,3
90,13,5,3,8,9,1,10,2,6,12,7,11,4
44,3,11,2,9,8,6,12,4,7,5,10,1,13
71,2,8,3,5,6,10,4,11,12,13,1,7,9
27,12,3,2,10,4,7,13,6,11,9,1,8,5
181,5,1,10,12,7,4,6,11,13,9,3,2,8
13,9,6,12,2,1,13,5,8,3,4,7,10,11
54,4,10,13,6,7,9,8,11,3,5,1,2,12
146,1,11,13,6,5,2,8,3,12,7,10,4,9
60,1,6,13,10,12,11,4,9,2,8,3,7,5
150,8,6,11,5,3,1,4,10,7,12,2,13,9
191,10,3,13,7,9,5,2,1,4,6,8,11,12
20,2,9,5,8,7,1,11,12,13,6,10,3,4
17,8,5,13,2,3,10,12,9,6,1,7,4,11
6,4,3,9,10,6,2,11,5,12,13,7,8,1
79,2,8,10,7,1,6,11,9,5,3,4,13,12
103,3,13,11,12,10,1,4,2,6,5,8,7,9
127,3,4,8,7,5,10,11,2,9,6,12,1,13
155,10,1,11,12,13,9,3,6,8,2,7,5,4
164,4,3,2,11,10,1,8,9,5,13,12,6,7
153,10,6,11,1,9,8,5,7,3,13,2,4,12
147,11,12,6,10,5,8,13,1,3,4,9,7,2
51,13,6,1,4,5,10,2,8,3,12,9,11,7
109,8,11,7,10,2,6,12,13,5,3,1,4,9
116,7,5,12,3,11,8,1,6,9,4,10,13,2
83,4,11,5,8,7,9,3,13,6,12,1,2,10
72,2,8,3,5,10,9,11,6,1,7,13,12,4
22,9,6,2,10,8,3,1,12,13,7,4,5,11
61,6,13,8,3,2,1,10,9,11,7,4,12,5
117,9,2,13,3,11,6,10,5,7,8,1,12,4
84,3,4,2,1,9,8,10,5,6,7,12,13,11
158,8,10,9,2,12,7,3,1,11,6,5,13,4
123,8,1,12,5,3,4,2,10,13,11,6,7,9
15,6,7,3,11,8,10,2,5,1,13,4,9,12
33,9,6,12,7,10,1,5,8,4,3,2,11,13
161,13,4,11,5,10,7,6,12,1,3,8,2,9
78,10,1,2,7,11,8,4,13,6,3,5,9,12
123,13,7,11,2,4,12,5,8,6,3,10,9,1
44,13,1,8,9,3,6,7,5,4,12,10,11,2
140,4,11,7,12,10,8,1,6,5,9,2,13,3
57,13,1,6,7,11,2,8,9,5,10,4,12,3
66,13,2,7,6,8,9,11,5,12,1,4,10,3
36,10,8,11,5,2,7,4,6,1,12,3,9,13
72,10,3,2,7,4,11,12,8,6,5,1,9,13
14,3,10,9,13,5,11,1,8,4,2,7,12,6
66,13,11,1,3,9,4,7,10,5,8,2,12,6
66,8,1,6,11,9,10,13,4,12,3,2,7,5
65,12,7,1,5,2,10,8,6,11,9,13,3,4
68,11,6,12,5,3,9,10,4,7,2,8,13,1
0,6,12,10,11,7,8,1,13,9,2,4,5,3
51,6,4,10,9,13,12,3,8,7,11,2,5,1
95,13,1,11,2,4,7,8,12,9,6,5,10,3
61,12,7,8,10,3,9,11,2,5,4,6,1,13
73,1,13,8,7,6,3,11,12,4,2,9,10,5
108,13,3,8,6,4,2,12,7,9,1,11,5,10
145,7,8,5,3,9,10,13,1,4,2,6,11,12
16,13,9,10,5,3,2,6,1,12,8,11,4,7
168,12,10,7,9,4,1,3,11,2,13,5,6,8
112,2,8,9,11,13,3,7,10,12,1,4,5,6
159,4,5,1,11,3,2,8,12,9,13,7,6,10
121,12,4,9,5,7,11,3,2,1,10,6,13,8
64,5,2,8,9,10,7,11,12,4,6,13,3,1
66,1,3,7,9,4,12,6,8,5,2,11,13,10
7,7,1,6,5,3,8,13,4,12,9,11,2,10
101,1,9,13,5,7,2,4,11,3,8,12,10,6
169,3,4,2,10,8,1,9,7,11,13,5,6,12
194,1,3,2,11,4,6,12,9,7,10,13,5,8
94,9,8,2,10,13,1,4,6,3,12,5,7,11
195,1,3,5,13,9,2,11,6,10,4,12,7,8
185,9,13,1,7,4,6,10,11,3,5,2,8,12
164,7,2,1,13,8,3,12,9,4,10,11,5,6
93,1,9,6,10,7,5,13,3,12,8,11,4,2
176,12,3,11,5,1,13,9,7,2,10,4,6,8
192,5,3,13,2,1,8,7,6,10,4,12,9,11
45,10,12,5,1,8,3,7,6,11,4,2,13,9
127,9,5,11,1,10,7,12,4,3,6,13,8,2
100,7,8,2,10,4,5,9,12,6,1,13,3,11
195,3,13,10,6,9,11,4,5,7,2,1,12,8
12,1,11,12,3,6,9,10,2,8,4,7,5,13
200,12,3,5,10,8,1,7,9,2,13,11,4,6
111,12,9,11,1,4,8,3,2,5,7,13,10,6
99,7,3,13,8,10,4,6,12,9,1,2,5,11
142,3,1,2,11,12,8,5,4,13,6,9,10,7
162,7,6,1,11,8,10,12,4,2,3,13,5,9
184,8,4,1,10,6,13,5,2,9,7,11,12,3
178,4,10,13,1,6,5,8,3,7,12,11,2,9
118,5,8,1,10,12,9,11,4,6,3,7,13,2
147,4,11,2,7,10,1,5,8,9,6,12,3,13
41,8,6,7,12,4,10,9,2,11,3,5,13,1
96,4,2,1,6,9,3,5,13,8,11,10,12,7
25,7,10,12,6,4,11,3,1,8,9,2,13,5
19,5,12,1,11,4,13,6,7,10,9,3,8,2
154,10,7,2,13,6,11,8,4,9,12,1,5,3
180,6,2,12,10,4,9,7,8,1,11,5,3,13
69,5,1,4,8,11,10,13,12,7,9,6,3,2
135,12,8,13,3,6,2,1,7,11,5,9,4,10
139,6,13,5,2,3,10,8,7,1,9,4,12,11
27,13,12,11,1,6,3,4,8,5,9,7,2,10
62,2,3,9,7,6,5,10,11,12,8,13,1,4
3,6,3,4,13,12,1,5,9,7,8,10,2,11
32,10,13,4,12,8,7,1,9,5,11,2,6,3
64,2,5,9,10,1,3,11,8,13,7,4,12,6
88,6,7,2,11,10,4,9,5,1,8,3,13,12
91,7,2,13,3,1,5,9,12,6,8,10,4,11
94,5,2,7,6,4,11,1,10,8,13,9,3,12
15,6,3,2,12,1,10,7,11,5,13,4,8,9
163,2,8,4,5,12,3,11,7,10,9,1,13,6
163,7,11,8,13,9,10,6,4,1,3,12,2,5
60,9,12,2,10,6,13,4,8,7,3,11,5,1
32,9,13,11,5,10,12,7,2,6,3,8,1,4
62,2,12,11,8,5,13,6,10,1,9,3,7,4
194,2,1,13,8,6,4,10,11,9,12,5,7,3
17,13,1,7,12,2,11,9,10,8,6,5,3,4
15,1,2,11,4,6,13,12,10,8,7,3,9,5
180,2,12,8,6,4,1,13,11,9,5,7,3,10
30,12,7,3,9,13,2,1,11,5,10,4,6,8
157,7,4,13,6,11,10,2,3,9,1,8,12,5
66,8,2,11,3,9,13,12,10,4,7,6,5,1
175,7,1,6,11,2,8,5,13,10,9,3,12,4
44,8,4,6,11,9,1,5,3,7,12,10,13,2
176,3,11,12,2,7,10,6,5,8,9,13,4,1
64,5,12,10,7,2,1,4,9,3,11,6,13,8
34,7,1,11,13,2,5,10,3,9,8,6,4,12
157,10,7,13,6,11,1,8,9,3,5,12,2,4
81,11,5,4,8,7,9,12,3,10,1,13,2,6
117,9,1,11,4,3,13,7,5,2,12,6,10,8
96,10,1,4,7,13,8,11,12,3,6,2,9,5
33,10,8,2,5,11,7,13,1,4,12,9,6,3
187,6,1,13,10,8,9,12,2,3,4,5,7,11
52,11,10,6,3,9,4,12,8,1,2,5,13,7
40,12,4,9,1,6,10,11,8,7,5,13,3,2
30,13,4,2,12,3,11,1,6,5,9,10,7,8
70,2,13,6,4,10,5,12,1,7,3,9,8,11
141,6,13,10,8,4,7,9,2,5,12,1,3,11
181,10,7,4,13,2,11,1,6,9,3,5,8,12
194,11,8,4,12,3,10,5,2,6,9,13,7,1
95,3,11,10,5,8,13,2,7,9,12,1,4,6
196,10,13,8,3,2,1,11,5,9,12,6,4,7
32,11,13,2,5,12,1,4,9,7,3,10,8,6
51,12,11,5,13,2,10,7,4,9,3,6,8,1
147,10,5,4,3,2,13,12,9,1,7,6,8,11
33,10,6,8,9,7,1,12,5,13,11,3,4,2
49,4,1,13,6,10,9,2,8,5,3,7,11,12
145,12,7,3,5,4,6,10,8,13,1,2,11,9
75,2,10,8,7,1,4,9,11,13,5,12,6,3
107,9,11,5,1,6,13,2,3,7,10,4,8,12
153,3,11,6,10,4,1,9,8,12,2,13,7,5
103,9,13,6,12,7,11,3,4,1,10,8,5,2
156,8,10,9,6,3,4,2,11,13,1,5,7,12
15,13,6,11,4,2,12,1,10,7,9,5,8,3
21,4,5,8,6,2,13,9,7,11,3,10,12,1
8,10,12,2,4,13,7,1,5,9,3,8,6,11
142,12,3,4,8,10,6,2,7,9,1,13,5,11
154,13,5,1,2,11,7,9,12,8,10,4,6,3
168,13,8,1,7,4,3,9,11,2,6,5,12,10
108,4,5,11,2,13,8,9,6,3,1,7,12,10
33,3,12,8,4,6,1,11,7,10,2,13,9,5
136,1,13,9,8,4,5,11,10,6,7,2,3,12
81,11,10,8,1,13,4,6,7,9,5,2,12,3
35,5,10,9,11,2,7,1,12,8,3,13,6,4
125,8,3,2,10,1,6,12,4,7,9,11,13,5
163,11,1,2,4,7,3,5,10,8,13,6,12,9
94,3,4,2,11,6,10,8,12,9,7,1,5,13
146,12,10,4,9,7,5,8,3,11,6,1,13,2
102,6,10,12,7,13,2,11,3,1,8,9,5,4
62,9,7,8,10,12,3,2,11,1,6,4,5,13
194,9,4,13,2,6,1,5,10,12,3,11,8,7
183,4,8,7,6,10,2,1,11,3,9,5,12,13
28,12,10,1,2,8,4,5,6,7,11,9,13,3
65,7,11,10,8,4,2,6,5,1,12,13,3,9
170,11,1,12,10,6,3,5,7,13,2,4,9,8
15,2,9,6,4,5,11,12,10,7,13,1,3,8
130,9,6,12,3,11,2,5,4,10,13,8,1,7
185,8,4,2,3,12,6,9,10,13,7,11,5,1
184,2,4,6,8,7,5,1,13,12,11,9,3,10
176,4,13,1,9,2,6,11,10,8,12,7,5,3
129,12,1,8,11,6,7,9,5,10,2,3,4,13
26,9,3,10,11,7,5,6,13,12,4,8,1,2
5,12,2,4,5,3,6,11,13,7,8,1,9,10
135,9,3,13,6,12,4,11,7,1,8,5,10,2
182,7,1,8,4,3,2,9,13,10,11,12,5,6
159,11,5,13,6,12,3,1,2,9,10,4,7,8
127,3,11,1,6,12,2,8,7,9,4,5,13,10
198,2,11,9,8,7,6,12,1,13,5,3,4,10
87,13,9,10,4,7,1,8,3,2,6,5,11,12
110,8,4,10,9,5,13,2,7,6,3,11,12,1
117,13,2,7,3,10,5,8,9,1,6,12,4,11
121,8,12,9,2,1,4,7,13,10,5,11,6,3
19,11,1,9,8,5,12,13,7,10,2,6,3,4
8,5,9,11,1,6,13,10,4,8,3,7,12,2
16,1,3,5,2,9,11,12,10,13,6,7,4,8
61,4,3,1,5,6,7,8,2,12,9,11,10,13
109,8,6,9,5,4,10,3,12,1,7,13,11,2
107,11,3,5,12,6,2,10,9,4,1,7,8,13
158,11,10,8,4,9,6,1,7,3,12,13,2,5
81,3,13,12,7,1,9,4,10,6,2,5,11,8
44,12,11,3,10,2,8,7,4,5,13,1,6,9
171,4,3,1,2,8,9,10,11,13,6,12,7,5
104,4,2,5,12,7,3,10,8,13,11,6,1,9
200,6,8,3,11,5,10,1,9,13,12,7,4,2
62,13,1,9,4,5,8,6,3,2,10,7,11,12
110,7,2,6,10,12,11,3,13,4,1,5,8,9
159,6,9,12,11,7,2,13,5,10,3,4,8,1
21,12,11,13,8,2,3,7,5,1,4,9,6,10
36,11,2,6,7,5,10,13,4,3,8,12,9,1
36,8,7,9,13,5,4,6,2,12,10,1,11,3
149,5,2,9,1,12,3,4,10,13,7,8,11,6
68,4,9,12,6,8,3,10,7,13,1,5,2,11
43,7,4,1,2,9,13,5,11,12,6,10,8,3
166,12,9,8,1,3,13,6,11,5,4,10,2,7
162,13,1,4,8,7,5,2,9,6,10,11,3,12
116,12,13,6,11,2,10,1,7,9,5,8,3,4
172,11,3,9,10,8,5,7,13,2,12,1,6,4
93,6,13,4,9,1,2,5,3,8,11,7,10,12
27,1,10,12,13,7,8,5,6,11,2,3,9,4
24,6,10,12,2,4,8,9,13,3,5,7,1,11
139,12,2,11,9,4,3,10,13,8,5,1,7,6
23,12,4,7,6,3,8,1,11,2,10,5,13,9
63,9,11,8,7,13,5,12,3,10,4,2,1,6
49,10,4,12,7,9,11,13,8,2,5,6,1,3
114,1,8,12,2,7,5,9,6,10,13,3,4,11
111,4,7,10,3,1,12,9,8,6,5,13,11,2
54,4,11,6,13,3,8,9,12,2,7,10,5,1
85,8,11,12,9,6,2,5,10,1,4,13,7,3
89,13,10,5,7,9,1,12,6,4,11,3,8,2
15,3,13,12,7,2,6,10,5,1,4,8,11,9
50,9,1,6,4,12,7,3,5,10,11,13,2,8
4,4,10,8,11,5,7,9,3,2,13,1,12,6
179,11,1,9,13,2,3,5,12,10,8,7,4,6
28,9,12,3,7,4,6,5,8,1,2,10,11,13
83,1,6,11,12,9,4,3,8,5,2,7,10,13
130,10,6,5,7,2,9,8,1,13,12,4,11,3
164,6,9,8,5,3,4,7,13,1,11,2,12,10
117,1,2,7,10,13,8,5,4,12,9,11,3,6
129,2,12,10,1,11,4,3,7,8,5,13,9,6
23,8,7,9,10,2,11,12,13,6,4,1,3,5
55,2,7,12,3,6,10,9,4,1,5,13,11,8
66,5,1,8,13,11,10,4,7,2,9,6,12,3
166,6,10,8,9,4,5,13,2,11,3,7,12,1
64,12,7,4,8,10,3,2,13,6,1,9,11,5
134,2,9,11,8,3,6,13,12,10,7,4,5,1
177,13,2,7,11,5,10,1,8,6,4,3,9,12
55,1,9,4,2,12,3,10,8,6,5,7,11,13
103,6,10,13,2,3,9,7,1,12,4,5,11,8
120,2,8,9,5,6,13,7,4,1,12,3,10,11
55,8,7,11,1,2,9,12,3,13,5,6,10,4
85,10,8,1,12,13,7,3,2,4,6,5,9,11
107,3,12,13,6,5,2,8,9,7,10,11,4,1
200,4,9,6,1,2,3,13,7,11,12,10,8,5
137,12,13,9,2,3,1,4,10,11,7,5,6,8
167,1,3,12,8,9,4,10,7,2,6,13,5,11
162,12,1,5,9,10,4,7,8,2,13,11,3,6
155,11,2,6,7,10,9,12,5,3,8,1,13,4
109,6,10,1,8,12,13,2,4,3,7,9,5,11
49,13,9,12,11,8,10,2,3,6,1,5,7,4
138,13,3,10,5,2,8,12,4,7,9,1,11,6
189,13,7,10,6,9,3,11,1,12,4,2,5,8
19,2,4,3,5,8,11,6,1,9,7,10,12,13
143,7,6,5,9,2,1,12,11,4,8,3,13,10
159,8,2,7,10,4,12,11,6,5,1,13,3,9
145,11,10,12,6,1,4,7,5,3,8,2,9,13
92,7,6,2,13,9,11,8,10,3,4,1,12,5
145,11,9,4,1,13,5,8,3,10,2,6,7,12
97,1,11,7,5,9,13,10,8,6,3,4,2,12
78,10,6,9,3,12,8,5,11,2,7,1,4,13
197,9,6,5,3,11,12,1,10,2,8,4,13,7
127,8,1,13,11,7,6,3,5,12,4,2,9,10
178,4,7,11,6,1,8,5,3,10,12,9,13,2
133,8,1,5,12,4,10,13,6,3,9,11,7,2
128,10,4,7,6,8,3,2,1,11,9,13,12,5
158,2,8,3,13,11,1,10,6,12,9,4,7,5
146,10,9,5,4,7,1,8,11,3,6,12,2,13
31,12,2,6,1,5,8,13,4,3,11,7,9,10
37,5,12,7,1,4,2,6,10,9,13,3,11,8
141,8,5,9,6,13,3,1,7,4,12,10,2,11
8,5,9,12,11,2,10,13,7,3,1,8,6,4
173,10,3,11,6,9,2,4,7,1,12,8,13,5
131,12,10,6,4,11,3,9,1,2,13,5,7,8
180,1,4,9,11,13,8,5,10,2,12,3,7,6
80,11,9,1,2,12,13,4,6,10,8,5,3,7
41,12,4,7,8,10,6,11,3,5,13,2,9,1
32,13,10,8,9,7,3,6,1,12,4,2,5,11
91,6,1,5,11,2,9,13,8,7,4,10,12,3
8,1,6,4,12,7,8,9,13,5,2,3,10,11
25,5,7,13,10,6,2,9,4,1,11,3,8,12
139,11,2,8,12,4,6,13,10,5,9,3,1,7
94,5,11,1,9,8,2,10,13,7,6,3,12,4
56,5,12,7,8,13,3,9,6,1,4,10,2,11
13,13,5,7,11,2,1,6,9,4,10,3,8,12
124,9,4,12,11,5,2,1,7,10,6,3,8,13
158,9,6,1,2,3,4,13,12,11,5,7,8,10
124,3,11,9,13,6,1,4,2,10,5,7,12,8
127,8,12,2,3,1,6,7,9,5,13,4,11,10
167,8,13,9,6,2,4,3,10,1,7,5,11,12
139,2,1,6,12,10,8,5,11,9,13,7,4,3
29,5,11,7,4,12,2,3,8,9,10,1,13,6
102,11,9,2,7,3,5,8,4,12,13,6,10,1
135,13,9,7,8,10,3,5,2,11,12,6,1,4
155,1,8,5,7,11,13,10,12,9,4,3,6,2
78,1,2,3,11,5,7,6,13,8,9,10,12,4
89,3,11,2,5,8,12,1,10,6,4,13,9,7
27,7,9,8,5,2,10,3,13,6,12,1,11,4
8,3,11,12,8,10,9,2,1,6,7,5,4,13
178,10,9,2,11,12,1,4,3,5,6,13,8,7
188,5,9,2,7,13,10,4,3,8,1,11,12,6
39,8,5,7,9,6,3,11,10,4,2,1,12,13
168,13,7,5,11,9,12,6,2,4,3,8,10,1
30,3,8,10,1,2,5,9,11,7,12,4,6,13
110,8,5,12,10,9,2,4,6,1,7,3,11,13
23,1,9,8,7,10,13,3,2,5,11,12,4,6
45,13,9,12,2,11,7,4,5,8,1,10,3,6
164,9,11,4,5,2,6,8,1,3,10,13,12,7
10,6,10,3,13,9,11,8,1,4,5,7,12,2
36,6,7,12,5,9,4,10,3,1,13,8,2,11
44,13,4,1,3,10,7,6,12,9,2,11,8,5
145,12,3,13,11,5,2,6,8,4,7,1,10,9
187,1,10,4,7,11,2,12,8,13,3,5,6,9
122,10,8,4,6,9,5,11,3,2,1,12,7,13
31,12,2,6,7,5,13,10,8,1,11,3,9,4
124,13,6,2,9,5,12,7,4,3,11,8,1,10
69,10,3,9,12,11,2,8,6,5,4,7,13,1
17,9,1,11,12,7,3,13,4,8,10,5,2,6
183,11,6,4,10,1,13,9,8,3,2,12,7,5
53,6,11,9,1,8,2,5,10,12,13,7,3,4
35,6,7,12,8,9,4,13,10,1,2,3,11,5
182,4,12,5,1,10,8,7,9,11,3,6,2,13
66,5,13,1,12,3,6,9,2,10,4,7,11,8
126,10,7,1,4,13,11,8,12,5,2,6,9,3
107,11,1,2,10,13,9,3,4,8,5,12,6,7
15,9,8,2,11,10,6,5,1,7,12,3,13,4
33,10,12,11,4,2,5,6,3,13,9,8,1,7
182,1,3,7,13,9,6,5,11,10,12,8,4,2
126,7,12,13,5,3,4,11,2,10,8,9,1,6
158,1,6,9,13,12,4,5,2,11,10,8,3,7
74,6,4,8,7,11,9,12,1,10,5,13,3,2
30,11,1,12,6,2,5,3,4,13,10,8,7,9
65,6,12,13,9,10,7,2,11,8,1,5,4,3
73,3,13,9,6,7,2,4,12,5,10,8,11,1
173,1,3,12,4,5,2,9,10,7,11,13,6,8
151,3,9,10,11,2,1,7,5,6,4,8,13,12
84,7,2,12,1,3,9,8,10,13,5,11,6,4
85,6,7,12,2,3,13,10,9,5,11,4,1,8
115,1,2,4,9,3,11,6,8,7,12,10,5,13
49,12,2,4,5,3,9,7,10,11,6,1,8,13
78,12,5,3,6,11,4,2,9,13,8,7,10,1
156,12,4,7,10,5,8,2,13,3,6,9,1,11
200,10,6,5,8,13,9,11,1,2,4,7,12,3
129,11,7,4,2,8,12,3,9,6,1,13,10,5
15,4,7,10,9,12,8,5,6,13,1,11,3,2
86,7,11,13,8,10,6,3,12,2,9,1,5,4
97,2,11,8,1,6,3,4,10,7,13,9,5,12
144,12,2,8,11,6,13,9,1,5,3,10,7,4
76,6,5,3,2,12,13,9,10,4,8,7,1,11
124,12,1,6,8,7,2,13,5,9,3,11,4,10
12,9,5,12,13,8,11,1,6,10,2,4,3,7
82,11,1,13,7,2,12,5,3,6,10,9,4,8
102,11,10,13,1,6,5,2,7,4,8,9,3,12
15,7,4,3,13,11,12,6,8,5,1,9,10,2
123,11,4,1,8,5,2,10,3,13,6,12,7,9
106,5,11,10,2,1,6,7,9,8,12,13,4,3
107,3,1,6,9,7,13,5,4,10,12,11,2,8
41,9,12,7,2,4,5,3,13,6,10,11,1,8
118,9,2,7,4,11,10,5,6,8,1,12,3,13
196,5,8,3,2,6,10,11,13,9,12,1,7,4
108,2,1,4,9,7,12,5,8,11,10,3,13,6
198,5,2,10,6,4,9,8,3,1,12,11,7,13
184,4,1,6,2,11,12,5,10,13,7,9,3,8
79,6,12,1,8,13,3,10,9,4,2,11,7,5
75,3,11,8,2,9,5,7,10,1,6,12,13,4
45,11,7,2,1,12,10,13,9,8,4,6,5,3
103,5,9,2,1,10,13,8,12,7,11,4,6,3
127,5,1,10,3,7,2,13,8,12,11,9,4,6
15,11,3,6,8,13,1,4,5,7,2,9,12,10
185,11,2,7,6,12,9,10,1,8,3,4,13,5
100,5,8,11,4,2,10,12,7,9,3,1,13,6
27,8,1,3,13,4,5,12,11,10,2,9,7,6
191,10,12,3,5,9,11,7,13,1,8,6,2,4
175,11,10,5,12,7,6,9,1,2,3,4,13,8
178,6,7,4,1,5,12,9,10,11,13,3,8,2
116,5,10,4,1,13,9,7,8,2,11,6,12,3
31,1,7,11,5,9,6,2,8,12,10,13,4,3
76,8,9,5,2,12,11,3,7,4,10,6,1,13
142,7,8,3,5,13,2,10,11,1,9,4,6,12
91,6,4,9,7,5,1,13,3,2,11,8,12,10
45,5,4,13,11,7,12,8,3,10,1,2,9,6
133,13,12,2,3,8,11,9,10,4,7,1,5,6
196,9,8,13,6,5,4,2,7,1,12,3,11,10
131,6,3,9,7,13,11,2,12,4,5,1,10,8
84,11,9,10,1,7,4,6,12,5,3,8,13,2
180,9,13,6,2,8,5,3,4,1,12,7,11,10
53,4,9,3,12,5,8,13,7,11,1,10,6,2
196,4,7,1,6,2,13,9,10,8,12,11,3,5
122,4,1,2,7,6,11,12,9,3,8,5,13,10
4,4,8,11,12,1,2,7,6,9,3,10,13,5
136,4,12,11,9,8,10,3,1,5,6,2,13,7
194,3,12,5,1,9,2,13,10,7,6,4,11,8
114,13,3,1,5,8,4,7,9,10,6,11,2,12
6,5,7,11,3,2,12,6,10,13,9,4,1,8
167,13,5,2,10,6,12,4,1,3,8,11,7,9
4,5,8,11,10,4,6,1,9,2,3,13,7,12
124,10,1,3,8,12,2,5,9,11,4,6,7,13
54,12,10,1,9,2,3,7,8,5,11,13,6,4
121,12,2,10,3,4,9,13,8,7,5,11,1,6
115,11,9,3,1,10,7,12,6,8,2,13,4,5
12,2,5,8,6,3,9,1,13,7,10,4,11,12
44,6,11,2,7,3,9,13,12,1,8,5,10,4
129,12,3,1,9,6,13,11,10,8,2,7,4,5
85,8,1,2,9,4,13,12,7,11,10,3,6,5
20,1,11,7,12,4,9,8,3,13,2,10,6,5
125,9,3,2,13,8,1,7,12,5,10,4,11,6
177,4,7,9,6,12,11,8,2,5,3,13,1,10
10,7,8,10,13,6,1,2,11,12,3,5,9,4
88,9,12,7,3,4,1,5,6,11,8,2,10,13
130,1,2,13,12,7,11,10,5,9,8,6,4,3
184,4,9,1,3,7,8,10,6,12,2,13,11,5
26,5,8,10,3,1,11,2,7,9,6,13,12,4
49,9,10,13,7,5,11,4,8,2,12,3,1,6
120,10,7,12,3,11,9,2,8,6,4,1,5,13
4,2,13,3,12,6,5,7,4,8,11,1,9,10
26,1,4,2,6,7,3,9,5,8,10,12,13,11
98,3,4,2,7,5,13,11,1,6,8,9,10,12
109,2,6,12,8,7,13,4,9,10,3,1,11,5
39,7,5,8,1,3,4,6,13,11,9,10,12,2
17,3,10,7,6,11,12,2,13,9,1,8,5,4
127,8,5,6,3,13,11,2,9,10,12,1,7,4
69,8,9,1,6,4,12,11,7,3,2,13,10,5
61,12,1,3,2,9,13,8,10,7,4,5,11,6
123,9,12,6,4,3,8,7,11,2,13,1,10,5
115,11,1,5,8,9,6,7,12,10,13,3,2,4
160,5,2,7,10,3,6,12,4,11,9,1,13,8
121,3,1,8,4,2,11,12,6,9,13,10,7,5
103,10,13,1,4,3,12,7,9,2,5,6,8,11
199,13,9,12,3,8,1,2,4,10,5,7,11,6
40,9,1,13,8,6,3,12,10,11,2,4,5,7
168,2,13,5,7,11,10,12,6,1,8,4,3,9
110,9,13,1,11,10,8,4,3,2,7,12,5,6
173,4,11,10,1,12,13,7,5,8,2,3,9,6
166,12,7,8,10,13,2,4,3,1,11,9,6,5
167,3,1,9,5,6,8,2,13,12,4,10,11,7
181,5,13,6,12,8,11,3,10,1,2,9,4,7
26,4,12,8,11,6,7,9,5,13,2,1,10,3
62,2,1,6,5,8,10,9,12,7,11,13,4,3
121,12,5,2,11,9,4,13,7,3,10,1,8,6
36,3,5,2,8,4,9,10,6,12,13,11,1,7
95,10,4,2,5,11,1,12,6,13,8,9,7,3
171,1,12,9,13,8,2,7,5,4,10,11,3,6
19,5,12,1,8,7,9,2,6,13,11,4,3,10
41,6,2,8,5,4,13,1,7,3,12,9,11,10
69,2,3,8,1,4,5,6,11,13,12,9,10,7
112,10,13,3,2,8,7,12,1,6,9,5,4,11
132,7,13,1,3,8,2,12,4,9,11,6,10,5
1,8,1,9,5,13,7,3,11,12,2,4,6,10
163,6,1,4,10,2,13,3,8,7,9,12,5,11
69,9,13,12,8,10,2,3,4,1,5,11,6,7
128,8,4,3,10,5,6,13,2,9,1,11,7,12
41,2,5,1,3,11,10,12,8,4,6,9,13,7
20,8,13,4,7,11,3,10,12,2,6,1,5,9
110,10,8,9,7,11,2,12,4,6,1,13,5,3
88,5,12,2,11,9,7,13,1,8,4,6,10,3
70,13,5,9,10,12,1,2,11,4,3,7,6,8
156,4,2,9,13,7,8,11,12,6,1,5,10,3
37,6,3,10,4,1,8,13,2,5,7,12,9,11
1,11,6,12,8,7,1,5,4,2,13,10,3,9
117,12,7,10,3,1,9,11,2,13,8,6,5,4
110,5,3,4,9,11,10,2,1,8,7,12,13,6
18,11,13,1,12,3,6,2,5,10,9,7,4,8
8,11,3,2,12,4,9,1,7,6,5,13,10,8
138,3,1,2,13,9,8,11,4,7,5,6,10,12
6,13,1,6,7,3,9,11,8,10,2,12,5,4
121,2,8,12,3,7,9,5,1,6,10,11,13,4
189,7,9,4,10,1,12,5,6,11,8,13,3,2
161,11,9,8,5,2,1,13,4,7,3,12,6,10
40,13,2,3,7,5,8,10,12,11,4,1,6,9
2,1,9,2,8,5,11,12,3,4,10,7,13,6
110,2,4,9,1,8,6,3,12,7,11,10,13,5
120,11,8,5,13,4,10,12,7,3,2,6,1,9
22,4,1,6,11,9,2,7,10,3,13,5,8,12
36,6,11,2,3,8,7,4,12,1,10,9,13,5
44,10,8,1,12,3,7,5,6,11,4,2,13,9
101,7,2,8,12,5,11,9,1,6,10,13,4,3
125,2,13,3,4,10,7,8,12,1,5,9,11,6
175,8,10,9,13,12,1,4,7,3,6,11,5,2
97,13,12,6,4,11,8,1,5,9,2,10,3,7
114,9,10,4,11,12,3,1,5,8,7,6,13,2
115,4,2,5,12,13,1,10,7,8,3,6,9,11
7,4,3,7,8,6,9,10,1,12,2,11,13,5
13,7,4,11,13,9,5,8,12,1,6,2,10,3
151,5,2,3,13,10,1,6,7,12,9,8,11,4
187,4,5,13,11,12,8,6,10,1,2,7,3,9
21,6,12,5,8,3,4,13,9,1,11,7,10,2
192,11,12,3,1,8,5,9,2,6,7,4,10,13
59,4,8,3,9,10,6,13,5,11,2,12,1,7
134,11,2,9,10,8,5,6,4,12,3,13,1,7
193,9,4,11,10,6,2,7,13,8,1,5,12,3
70,13,9,3,2,1,5,8,6,12,7,11,10,4
142,6,12,13,3,10,5,1,7,11,4,2,8,9
197,6,8,13,9,2,11,12,3,7,4,5,1,10
86,7,11,5,6,1,4,13,2,12,10,9,8,3
169,3,5,11,8,12,13,4,7,10,9,2,1,6
73,10,3,11,9,13,8,5,7,2,1,12,6,4
137,4,10,7,11,8,2,9,13,1,5,6,3,12
96,7,2,3,1,8,13,4,10,5,6,9,11,12
69,6,9,13,7,10,8,3,2,11,1,5,4,12
124,7,11,8,3,10,1,9,2,4,13,5,12,6
16,9,12,1,13,4,11,10,5,6,2,8,3,7
29,6,13,11,9,12,8,7,4,3,5,10,1,2
42,13,3,5,10,9,8,12,2,1,11,4,7,6
44,5,6,12,1,10,13,7,2,4,3,11,8,9
115,6,2,13,10,7,12,11,1,3,9,4,8,5
51,6,1,7,9,2,12,3,5,10,13,11,8,4
139,4,10,11,1,2,3,8,12,5,9,13,6,7
53,5,8,4,10,7,13,6,11,3,9,12,2,1
87,3,4,7,9,13,6,8,5,12,11,1,2,10
8,8,5,9,1,4,11,6,13,10,3,12,7,2
35,7,4,12,9,11,2,3,13,1,8,5,10,6
71,12,8,3,9,13,4,7,6,10,11,5,1,2
154,6,11,2,7,1,9,3,10,8,12,5,13,4
73,3,8,10,2,4,6,1,9,7,5,11,12,13
44,2,4,11,10,9,1,8,7,6,13,3,5,12
67,6,13,10,5,7,12,8,11,1,2,4,9,3
61,2,6,10,11,3,5,9,13,12,8,4,1,7
7,11,4,9,2,12,3,10,6,8,1,5,7,13
151,1,6,2,13,10,8,4,12,3,7,5,9,11
191,2,1,8,12,9,5,3,6,7,4,13,10,11
155,9,11,3,8,4,7,12,13,6,1,10,5,2
21,12,7,4,9,13,5,10,3,11,2,1,6,8
34,8,5,7,13,3,12,1,6,9,4,10,2,11
36,5,1,10,12,11,4,13,9,8,2,3,7,6
160,5,3,4,2,13,1,6,9,7,11,8,10,12
31,7,10,1,8,13,12,5,3,6,11,4,9,2
138,12,2,4,6,8,10,1,13,7,5,3,9,11
83,7,6,1,4,9,11,2,12,5,13,10,8,3
41,12,6,8,2,5,9,4,7,10,1,3,11,13
13,2,8,11,12,3,1,13,9,6,7,10,5,4
117,13,9,1,3,11,4,7,12,2,6,10,8,5
93,12,8,1,13,10,11,5,4,7,6,2,9,3
127,7,6,1,10,11,2,4,5,9,12,8,3,13
110,6,2,12,9,4,1,3,13,8,5,7,10,11
81,4,2,8,5,10,3,12,11,13,6,7,9,1
174,10,2,13,6,9,7,1,8,12,3,5,4,11
181,9,13,11,5,3,6,1,12,8,10,7,2,4
79,11,12,2,9,8,6,3,4,1,7,13,5,10
32,3,8,11,13,9,4,12,6,10,2,7,5,1
85,9,4,3,2,11,5,10,8,12,6,7,13,1
67,7,10,4,6,3,2,11,9,8,12,5,13,1
111,11,3,10,13,4,5,8,7,1,12,2,6,9
99,6,9,10,2,12,13,5,1,4,11,8,7,3
24,6,7,11,3,2,13,5,9,8,12,4,1,10
185,6,1,7,4,2,8,11,9,3,12,5,13,10
131,3,9,8,10,2,1,13,11,7,12,6,5,4
194,5,8,1,6,2,4,12,13,3,9,10,7,11
3,4,12,8,7,9,10,5,2,11,1,6,3,13
38,12,10,3,8,5,11,13,9,1,2,4,6,7
77,1,12,5,11,8,9,7,13,3,2,10,6,4
95,8,10,9,5,7,6,13,2,1,11,12,3,4
109,12,1,10,3,6,9,4,8,13,11,5,2,7
34,6,11,10,13,9,3,12,5,1,2,7,4,8
160,9,8,12,4,13,7,2,11,6,10,1,3,5
177,4,9,3,11,13,8,10,5,2,12,6,7,1
117,12,3,13,11,2,9,7,8,5,1,6,10,4
48,11,5,13,3,10,2,6,9,1,4,12,7,8
161,13,5,3,4,11,10,2,9,12,6,1,7,8
45,9,6,11,7,3,1,4,2,13,8,12,5,10
134,6,12,13,7,5,2,11,3,8,1,10,9,4
90,12,1,3,9,8,13,4,11,6,10,7,2,5
69,10,7,1,8,2,5,11,13,9,3,4,12,6
75,11,8,3,9,2,6,4,7,13,12,1,10,5
7,6,13,5,10,8,4,11,2,3,12,7,9,1
29,2,11,3,7,10,8,1,6,4,13,12,9,5
82,8,9,1,6,7,12,5,11,10,13,4,2,3
130,13,12,4,1,3,5,8,10,9,2,11,6,7
82,4,11,1,3,8,10,9,5,6,12,2,7,13
138,2,12,9,10,7,3,11,1,4,8,5,13,6
120,2,8,3,6,13,9,11,4,1,10,5,7,12
124,2,3,7,1,13,10,12,11,6,4,5,8,9
189,11,10,6,12,13,8,7,9,4,2,3,5,1
84,13,4,1,6,12,8,7,2,5,11,3,9,10
118,11,13,7,4,6,8,2,9,12,1,5,10,3
79,11,6,4,7,3,13,12,2,9,5,10,1,8
102,9,12,13,2,4,5,7,11,6,3,1,8,10
60,8,9,5,1,2,13,3,11,10,12,7,6,4
64,3,13,1,12,9,2,7,6,4,5,10,11,8
158,7,3,11,5,4,12,9,13,6,8,1,10,2
86,8,7,6,9,3,2,4,5,13,11,12,1,10
123,6,5,11,1,2,3,4,13,8,10,7,9,12
176,11,3,12,1,13,5,2,7,6,8,10,9,4
5,11,2,8,5,6,10,1,4,3,7,13,12,9
146,4,2,5,9,13,7,12,3,1,8,10,6,11
32,10,4,7,1,11,6,9,8,5,3,13,12,2
93,8,4,2,7,13,10,6,1,3,12,9,5,11
117,4,1,8,2,12,9,13,7,11,6,5,3,10
102,8,4,6,5,7,3,10,9,13,2,11,12,1
171,12,2,8,10,7,3,1,11,13,5,6,4,9
77,11,9,3,10,4,6,5,13,12,7,8,2,1
32,13,3,5,7,12,6,8,11,2,4,10,9,1
154,8,1,7,6,5,13,4,11,3,12,9,10,2
132,2,6,9,5,11,1,8,10,7,12,13,4,3
22,4,10,8,12,13,2,7,9,5,1,3,11,6
95,5,7,8,6,13,12,10,3,4,2,9,1,11
36,4,8,5,3,13,1,7,12,9,11,2,10,6
6,13,11,3,9,5,2,1,4,10,12,7,6,8
128,4,3,8,12,6,10,11,5,2,7,1,9,13
45,1,5,2,13,11,7,6,9,3,12,8,10,4
24,10,9,2,1,12,5,6,4,7,3,8,11,13
88,12,1,6,8,7,4,2,11,10,9,3,13,5
44,4,8,6,7,3,10,1,9,13,5,11,12,2
190,11,8,10,7,12,1,3,6,13,2,5,9,4
194,2,6,8,7,3,13,5,9,10,11,1,4,12
133,4,10,3,12,1,9,5,11,2,8,13,6,7
90,7,8,11,12,9,13,4,6,1,2,5,3,10
138,13,8,5,9,1,11,12,2,4,6,10,7,3
155,6,10,9,7,11,5,2,1,3,13,8,12,4
58,8,7,5,13,6,12,9,2,3,4,1,10,11
166,12,4,2,9,11,13,7,3,5,6,1,10,8
136,13,11,5,4,10,2,12,7,6,1,3,8,9
15,13,11,5,2,9,3,12,8,6,4,7,10,1
110,9,7,2,6,11,1,8,13,12,3,5,4,10
67,11,3,1,5,9,2,7,8,6,10,4,12,13
78,8,2,3,7,6,5,13,1,12,10,9,11,4
11,9,7,3,1,4,13,10,5,6,12,2,11,8
64,7,4,12,1,11,9,13,2,5,3,6,8,10
99,12,4,3,1,10,7,2,11,9,5,6,8,13
107,6,2,11,8,13,7,12,4,3,9,1,5,10
145,9,5,10,3,1,2,12,7,8,6,13,4,11
73,10,11,1,5,6,12,7,13,8,3,9,4,2
125,8,5,4,11,1,12,13,3,7,10,9,2,6
3,3,9,4,6,10,5,12,11,2,8,1,13,7
31,7,10,1,2,3,4,12,8,9,11,13,6,5
199,11,4,3,13,2,8,7,1,5,12,6,10,9
191,6,13,9,1,8,10,7,11,4,2,12,3,5
134,9,12,1,2,3,6,5,7,13,10,4,8,11
93,12,6,11,4,9,3,10,5,1,2,7,13,8
174,1,11,8,3,12,7,2,5,6,9,10,4,13
14,11,4,2,6,7,8,9,3,12,5,10,13,1
182,4,7,9,5,1,10,11,8,13,2,6,12,3
15,9,10,2,13,4,5,11,12,1,3,8,6,7
172,3,12,7,9,2,6,8,1,11,5,4,10,13
193,7,13,2,4,1,5,9,11,10,6,3,12,8
96,7,1,2,8,9,5,4,10,11,3,6,13,12
83,6,13,4,12,2,11,1,10,5,9,7,8,3
180,1,6,3,7,2,10,13,4,9,8,5,11,12
188,10,3,5,12,6,2,13,11,1,9,8,4,7
61,8,11,9,12,10,1,5,13,2,6,7,4,3
152,11,1,6,5,13,7,4,10,9,2,8,12,3
92,4,2,9,13,12,11,10,1,5,8,6,3,7
101,6,5,13,12,9,1,11,8,3,2,10,7,4
7,13,12,1,4,6,10,5,7,3,11,9,2,8
125,7,1,11,4,13,2,10,9,12,8,3,5,6
90,9,12,7,8,13,5,10,4,2,11,1,6,3
91,11,5,12,2,13,3,4,1,10,6,9,7,8
73,8,9,4,7,12,11,5,10,2,3,6,13,1
155,7,3,6,5,11,4,10,8,12,9,13,1,2
91,1,11,7,10,8,5,4,3,9,12,13,6,2
174,3,13,5,11,12,1,8,2,6,10,4,7,9
48,4,11,6,13,8,3,12,5,7,9,1,2,10
31,10,11,2,1,13,3,8,4,6,12,9,5,7
176,12,10,9,1,5,11,4,8,7,3,6,13,2
101,1,3,12,7,6,10,5,2,4,8,11,13,9
100,13,12,4,2,7,10,1,8,5,6,11,9,3
24,5,8,1,11,9,4,3,7,12,10,13,6,2
51,12,7,10,9,8,3,4,5,2,6,13,11,1
89,9,10,12,1,8,7,6,5,13,2,11,3,4
6,10,13,5,7,6,2,4,9,8,12,3,11,1
33,2,3,10,12,11,6,9,8,1,4,5,13,7
68,13,6,9,7,4,11,8,5,10,2,1,3,12
185,8,9,12,7,1,6,5,4,13,3,10,2,11
93,6,4,2,11,5,3,7,10,8,9,13,12,1
107,9,7,10,4,11,1,3,5,6,12,2,13,8
116,13,2,7,9,10,3,12,5,1,8,11,4,6
23,1,6,11,5,8,9,12,10,2,13,3,7,4
26,5,11,1,3,4,8,2,7,6,12,9,10,13
125,11,6,4,12,1,3,5,10,8,7,9,13,2
82,12,10,3,7,4,13,8,5,2,1,9,11,6
118,13,4,3,9,5,11,8,6,10,2,12,1,7
136,13,6,9,1,4,10,11,8,5,7,12,3,2
117,3,9,1,5,6,8,11,2,12,10,4,13,7
184,12,5,4,10,2,3,7,8,13,6,1,11,9
94,12,9,5,13,4,10,11,8,6,2,7,1,3
158,12,11,9,10,7,2,1,5,3,8,4,6,13
116,4,7,11,6,3,9,8,13,2,10,5,12,1
125,6,7,5,3,4,10,13,8,2,9,12,11,1
185,13,2,12,6,3,7,1,8,5,9,4,10,11
188,9,11,2,5,12,10,8,7,4,3,6,13,1
157,6,9,4,5,1,8,11,3,13,10,12,2,7
43,10,13,11,3,5,12,1,2,9,8,4,7,6
165,1,6,2,5,9,13,8,4,3,11,7,10,12
88,2,4,6,3,5,13,10,7,9,11,1,12,8
17,10,6,7,13,8,3,11,4,12,2,9,1,5
148,1,2,13,9,12,8,3,11,4,5,10,6,7
169,8,12,2,9,10,1,11,13,7,3,6,5,4
35,13,7,9,2,4,10,3,5,1,6,12,11,8
156,8,4,12,2,10,11,3,13,1,6,5,9,7
68,12,5,3,6,1,9,11,4,2,8,10,13,7
199,2,11,13,4,6,5,8,1,10,7,12,9,3
145,6,2,4,7,5,12,9,3,10,1,11,13,8
168,3,11,7,2,6,10,9,1,5,12,13,4,8
80,5,9,4,10,3,8,11,7,13,6,12,2,1
161,12,13,11,9,7,1,4,6,5,10,8,3,2
172,6,11,2,7,8,13,1,10,4,12,5,3,9
122,3,4,8,11,1,13,6,5,12,10,9,2,7
91,10,4,9,1,5,7,6,2,12,3,11,13,8
173,6,13,10,7,2,4,1,5,3,11,8,9,12
53,3,6,10,9,13,11,8,5,7,1,12,4,2
123,13,3,12,7,1,6,2,5,9,11,8,10,4
173,8,10,13,4,6,5,1,2,11,9,12,3,7
86,13,6,11,9,5,4,8,3,2,10,12,7,1
51,11,1,10,6,9,5,8,13,4,12,2,3,7
182,2,13,10,9,6,5,12,3,1,4,11,7,8
172,7,13,9,1,4,11,5,6,8,10,3,12,2
167,8,13,10,12,1,5,7,4,6,2,3,11,9
157,4,8,12,10,13,1,6,2,3,5,11,7,9
121,12,3,7,11,9,1,2,10,5,6,4,13,8
150,13,12,1,2,4,3,9,5,8,10,6,7,11
29,7,10,6,3,4,2,5,8,1,9,13,12,11
21,8,4,9,3,10,6,13,2,1,12,11,5,7
155,3,7,5,9,13,6,10,1,4,12,11,8,2