13
1,a
2,b
3,c
4,d
5,e
6,f
7,g
8,h
9,i
10,j
11,k
12,l
13,m
50257,50257,1000
34,12,10,6,8,11,3,7,9,1,2,4,5,13
42,10,4,9,13,8,7,2,1,6,12,5,11,3
38,3,5,8,13,10,2,4,7,1,12,11,9,6
98,12,5,10,3,2,1,11,8,4,9,13,6,7
13,1,12,3,10,4,13,8,9,5,2,6,11,7
20,3,13,9,10,6,8,7,5,12,11,4,2,1
79,7,10,4,8,3,5,1,9,11,12,13,6,2
60,10,2,8,3,11,9,5,13,4,12,1,7,6
15,4,5,12,13,2,1,8,11,9,3,10,7,6
0,8,11,4,5,10,1,13,9,3,6,2,12,7
57,5,12,10,8,11,2,3,1,6,7,4,9,13
43,3,7,13,10,2,5,8,6,9,12,4,11,1
73,4,12,9,6,7,1,11,13,5,8,2,10,3
5,2,8,4,9,3,11,7,1,10,13,5,6,12
77,6,4,2,8,1,5,7,11,10,12,3,9,13
37,7,13,4,6,12,2,10,1,11,3,9,8,5
69,8,12,11,10,9,13,3,4,6,1,2,5,7
93,5,6,4,7,1,11,12,10,9,2,8,13,3
50,9,8,12,5,10,4,7,2,13,1,11,3,6
81,5,13,10,2,7,3,9,6,11,4,12,1,8
32,9,2,3,7,13,4,11,1,12,8,6,5,10
41,7,11,9,4,10,5,6,3,8,12,2,13,1
31,7,5,11,1,6,3,12,10,2,13,8,4,9
78,1,10,13,9,2,5,6,12,11,3,7,8,4
46,9,3,10,4,11,5,13,6,1,8,7,2,12
75,5,10,11,6,7,3,2,12,8,1,4,9,13
28,9,10,12,6,7,4,13,8,11,3,5,2,1
11,7,4,12,8,9,2,13,11,6,10,1,3,5
9,6,4,11,2,10,3,7,9,1,8,13,12,5
3,6,7,5,8,2,1,9,4,10,11,3,12,13
45,1,9,4,6,13,12,3,10,8,2,5,11,7
5,1,7,12,5,13,2,10,8,9,4,11,3,6
32,4,11,3,5,2,1,9,6,12,13,10,7,8
49,3,8,2,12,10,4,13,7,9,11,1,5,6
50,13,8,10,11,7,3,12,1,2,9,5,6,4
24,3,11,9,10,6,13,8,7,1,12,5,2,4
67,8,12,2,7,6,3,11,13,4,5,9,10,1
63,7,3,13,2,1,6,11,9,4,5,8,10,12
16,4,11,10,8,9,7,13,5,6,3,2,12,1
27,5,11,1,9,13,12,3,7,8,6,2,10,4
31,3,8,10,4,1,9,12,7,5,11,6,2,13
94,7,2,9,1,4,6,5,11,12,3,10,8,13
96,13,2,12,5,6,10,1,9,11,3,7,8,4
0,9,11,6,3,5,7,1,10,13,8,2,4,12
48,10,2,7,12,4,5,9,13,11,6,1,8,3
5,13,12,7,1,2,4,9,3,11,10,8,6,5
67,5,10,8,7,6,11,3,2,13,1,4,9,12
4,8,9,2,3,12,13,1,10,11,5,4,6,7
79,5,9,10,11,12,1,13,8,4,2,6,7,3
36,11,4,3,13,1,5,8,9,12,6,2,7,10
21,12,9,6,2,8,13,1,11,7,3,4,10,5
27,9,3,7,2,4,11,1,12,6,8,13,10,5
6,7,9,13,2,10,4,8,11,12,6,3,1,5
13,4,1,2,13,9,7,6,8,5,10,3,11,12
26,5,9,12,6,1,7,3,13,8,10,4,11,2
37,4,2,10,8,7,12,3,1,5,9,11,13,6
36,3,4,9,5,11,7,10,12,8,1,6,13,2
13,3,8,11,5,1,10,13,12,7,6,2,9,4
77,11,9,7,10,6,12,3,5,4,13,2,1,8
100,8,6,10,5,3,2,7,13,9,1,4,12,11
92,5,9,6,7,4,13,1,8,11,2,12,10,3
18,7,6,12,9,4,11,13,1,2,8,5,3,10
57,10,3,1,4,2,7,5,11,12,6,8,9,13
21,13,5,1,4,6,7,12,9,11,8,10,2,3
26,12,7,2,1,3,6,8,5,11,4,10,13,9
42,6,11,10,9,2,5,8,4,12,13,3,1,7
43,4,5,2,3,11,8,13,1,7,12,9,10,6
19,12,13,5,7,2,9,6,8,10,4,3,1,11
82,1,8,7,2,9,3,4,11,10,6,5,13,12
89,7,11,2,5,1,6,12,13,9,8,10,4,3
27,7,9,8,4,1,2,6,11,5,3,12,10,13
29,12,7,3,4,6,1,5,11,13,10,8,2,9
32,4,2,11,13,3,5,1,8,6,7,12,10,9
37,2,4,8,3,6,11,1,7,10,12,9,13,5
88,10,1,7,4,13,6,11,8,3,5,12,2,9
17,7,13,8,11,4,1,3,2,10,12,5,9,6
9,7,3,6,5,1,9,13,4,10,2,8,12,11
50,8,13,4,2,10,5,11,7,3,1,9,6,12
40,3,2,9,1,13,12,8,5,6,10,11,4,7
98,8,9,7,10,11,5,3,4,13,1,2,12,6
90,2,7,8,3,1,11,10,9,5,4,12,6,13
54,5,8,12,2,1,13,3,4,11,7,6,9,10
29,3,2,9,4,11,10,5,12,6,1,7,13,8
45,2,1,9,12,4,13,6,8,11,3,7,10,5
75,13,11,9,12,6,7,2,3,1,5,4,8,10
34,7,1,4,5,12,13,3,2,6,8,9,10,11
90,5,3,7,12,10,2,6,13,4,8,11,9,1
44,4,8,3,9,12,2,11,6,1,13,10,7,5
0,6,7,8,12,2,11,5,3,9,13,1,4,10
23,2,9,3,12,11,13,5,4,10,1,7,8,6
14,3,13,10,8,11,6,7,1,9,4,5,2,12
32,5,4,12,1,7,2,11,6,13,9,10,3,8
69,7,4,8,12,3,9,6,2,5,13,1,10,11
46,6,13,7,8,10,11,2,4,1,5,12,9,3
49,6,12,8,2,10,3,7,11,9,5,1,4,13
69,4,13,12,1,5,6,3,11,9,7,8,2,10
65,4,5,8,11,1,6,9,13,3,10,7,12,2
4,12,5,10,7,9,4,2,13,3,8,1,6,11
15,8,6,9,3,7,10,11,13,5,12,4,2,1
49,9,5,4,7,2,11,13,6,3,10,1,8,12
61,2,7,12,3,13,6,4,9,5,1,11,10,8
69,6,8,2,11,13,7,1,12,9,4,3,5,10
10,4,9,10,8,6,13,11,7,2,5,3,12,1
61,11,1,10,9,7,8,2,4,3,5,6,12,13
36,10,7,5,6,1,13,12,9,8,4,11,3,2
40,3,6,5,4,11,13,1,10,8,7,12,2,9
60,13,11,6,12,8,4,5,9,1,3,10,7,2
93,2,6,3,12,11,5,10,9,4,1,13,7,8
61,2,11,6,7,5,10,13,9,4,8,3,1,12
22,8,5,13,10,6,7,2,9,1,3,12,11,4
99,5,12,7,9,1,10,6,2,3,11,13,8,4
48,11,8,13,4,10,3,7,9,12,6,1,2,5
18,12,10,5,7,11,4,6,13,2,1,8,9,3
68,12,3,11,2,9,5,13,6,7,10,4,1,8
61,10,9,13,5,2,12,6,4,7,11,3,8,1
1,3,11,1,5,10,2,12,7,6,13,9,8,4
93,11,1,4,9,13,6,12,8,3,7,5,10,2
17,9,13,10,7,2,8,5,3,4,6,12,1,11
79,6,4,7,9,5,2,12,1,10,11,8,3,13
60,9,5,1,12,7,3,11,6,10,4,13,2,8
6,5,6,4,8,1,3,12,2,10,13,9,7,11
40,9,11,7,1,3,4,8,2,13,5,12,10,6
89,13,7,9,3,8,10,1,5,4,11,6,2,12
98,9,6,2,1,3,10,13,11,4,5,7,12,8
5,7,1,9,8,6,5,12,2,13,4,10,11,3
30,6,9,4,3,11,5,13,2,10,7,12,1,8
35,6,7,1,2,11,5,13,12,10,9,3,8,4
78,10,3,1,2,8,7,4,12,6,5,13,11,9
35,13,12,9,6,8,2,7,11,5,1,3,10,4
79,12,7,2,11,13,6,10,3,9,4,8,5,1
80,9,2,11,6,13,5,4,1,7,3,8,10,12
51,2,1,3,6,9,7,11,10,4,12,5,13,8
72,7,3,2,8,5,12,13,1,4,11,10,9,6
85,12,11,1,4,10,13,8,6,7,3,5,2,9
39,5,4,2,3,7,11,1,8,9,6,13,10,12
30,6,10,7,8,13,1,4,5,2,9,12,11,3
91,2,8,13,11,5,7,4,1,9,10,3,6,12
39,4,6,3,13,11,8,1,2,10,12,7,9,5
2,2,10,12,11,3,5,4,13,1,9,8,6,7
82,1,12,11,2,13,10,3,8,9,6,5,7,4
57,10,1,9,4,11,8,7,13,3,2,6,5,12
39,1,9,3,6,13,2,7,12,11,4,8,10,5
94,12,3,7,5,6,11,9,8,13,1,4,2,10
15,11,2,8,7,3,12,1,9,6,13,4,10,5
27,2,4,10,6,12,13,9,5,1,8,3,11,7
58,13,11,7,2,6,10,4,9,1,8,12,3,5
35,9,10,6,2,5,11,7,4,13,1,8,3,12
9,13,1,11,3,10,2,4,9,8,7,6,5,12
29,5,9,6,3,10,4,11,7,2,12,13,1,8
51,9,13,1,11,7,12,10,2,3,5,8,6,4
83,1,10,6,3,11,13,7,4,9,5,12,2,8
82,1,3,2,4,13,11,8,9,10,6,5,7,12
49,5,2,11,9,7,8,1,13,12,10,4,3,6
21,5,1,11,4,6,10,8,2,13,7,12,3,9
59,1,5,6,10,11,13,2,8,3,12,4,9,7
83,12,4,9,1,6,7,2,10,11,8,3,5,13
87,3,6,11,7,2,12,4,5,13,8,1,9,10
3,9,8,3,1,10,13,11,12,5,6,7,4,2
76,13,1,9,4,3,11,2,7,6,8,10,12,5
30,1,2,4,7,12,10,9,8,6,11,3,5,13
12,3,5,13,9,10,4,2,1,7,11,8,12,6
26,5,12,7,6,8,3,9,2,1,13,11,10,4
32,1,7,8,2,3,13,10,4,11,6,9,5,12
4,2,13,5,1,11,12,7,4,6,9,10,8,3
46,10,9,3,4,2,1,12,6,11,13,5,7,8
44,2,10,3,11,1,5,4,6,9,7,13,12,8
47,4,9,5,8,12,11,13,1,10,3,2,6,7
89,5,10,11,3,7,13,4,6,1,8,12,2,9
47,9,2,7,5,3,13,4,12,11,10,6,1,8
47,3,11,9,10,13,1,4,8,6,7,2,12,5
71,2,7,9,6,10,1,13,3,4,11,8,5,12
96,12,9,13,1,8,7,3,5,6,10,4,11,2
40,10,3,5,4,6,12,2,8,1,9,11,7,13
6,5,7,12,3,4,13,8,6,9,11,1,2,10
52,6,11,12,2,8,9,1,10,4,7,5,13,3
72,10,8,4,2,12,1,13,11,3,6,5,7,9
60,3,5,10,8,1,7,6,9,12,13,2,11,4
43,11,13,2,5,4,7,12,1,3,9,6,10,8
79,6,13,2,9,11,10,12,4,1,7,5,3,8
29,13,12,2,8,6,9,1,10,4,11,7,5,3
36,11,3,13,10,4,7,2,6,1,5,8,9,12
39,2,8,12,11,13,9,5,7,1,6,10,4,3
13,3,11,1,6,9,7,13,4,2,10,8,12,5
18,1,5,6,7,9,4,11,2,13,3,12,10,8
6,3,5,9,4,6,13,11,12,8,2,1,10,7
48,5,1,6,4,13,9,11,3,8,12,2,7,10
70,2,11,6,3,1,4,8,10,5,12,9,13,7
37,5,9,4,7,8,11,2,1,12,6,3,10,13
90,6,11,10,1,4,12,5,8,13,7,9,2,3
30,12,3,5,13,2,10,4,11,8,1,7,6,9
20,7,2,6,4,10,3,12,1,11,9,5,13,8
23,7,11,3,10,13,8,6,12,1,5,4,2,9
83,1,13,12,9,11,2,5,4,3,6,7,8,10
91,9,12,8,7,13,5,4,11,1,10,3,6,2
87,13,3,10,12,6,5,7,2,4,11,1,8,9
43,5,8,2,1,6,11,12,7,9,3,13,10,4
82,6,9,3,13,5,2,4,1,8,12,7,10,11
69,10,3,7,6,5,2,8,4,13,1,11,12,9
87,4,7,5,1,10,12,9,13,11,8,6,2,3
100,3,11,13,5,7,2,8,1,4,10,9,12,6
73,5,12,7,3,6,13,10,4,11,1,2,9,8
20,9,11,8,12,5,7,3,6,4,2,13,1,10
20,11,6,12,13,8,3,7,5,2,1,9,10,4
92,11,1,10,4,13,9,7,5,12,3,2,8,6
51,9,4,11,6,13,1,2,5,8,10,12,7,3
84,10,9,12,8,2,6,11,7,1,4,13,3,5
0,2,1,4,6,13,8,10,9,3,5,12,11,7
82,4,11,7,2,9,6,5,1,3,12,10,8,13
2,3,12,4,7,11,13,8,1,6,2,5,9,10
67,6,4,2,3,12,9,8,5,7,1,10,13,11
27,11,2,13,12,6,3,5,9,1,10,4,7,8
94,10,3,12,5,8,6,13,2,9,11,4,1,7
27,1,7,12,6,4,11,8,10,9,5,2,13,3
8,6,4,12,3,11,5,7,8,10,9,2,13,1
53,5,13,1,7,4,8,6,9,3,11,12,2,10
59,10,5,11,13,1,7,8,9,12,3,4,6,2
62,1,2,8,12,6,9,13,11,7,4,10,3,5
96,3,12,13,11,2,8,7,5,4,10,1,9,6
88,9,13,3,4,8,7,12,11,2,10,1,5,6
58,4,12,6,13,7,5,8,2,10,9,3,11,1
75,3,1,10,5,6,4,12,8,7,9,11,13,2
41,11,10,12,4,8,9,13,1,3,5,7,2,6
52,4,3,1,2,13,5,11,6,9,10,8,7,12
50,8,13,12,9,4,2,6,7,10,3,1,11,5
71,2,5,8,6,12,3,10,11,1,7,9,13,4
30,11,9,5,12,6,8,1,7,2,3,10,13,4
30,2,10,6,12,13,1,11,8,5,4,9,3,7
83,2,12,9,7,10,3,13,5,11,8,4,1,6
65,7,12,13,11,8,2,9,5,4,3,6,10,1
82,8,9,12,4,2,1,7,10,3,11,5,6,13
18,11,13,10,7,5,6,9,1,2,12,8,3,4
13,1,8,10,3,6,12,7,13,2,4,9,5,11
18,6,13,7,8,12,4,9,10,3,2,11,5,1
29,5,11,4,8,13,12,1,6,2,10,3,7,9
58,8,11,10,13,5,7,2,1,4,12,9,3,6
60,4,9,11,10,6,13,5,1,3,12,8,7,2
74,2,1,10,5,9,12,3,13,8,11,4,7,6
90,11,3,9,10,7,4,13,2,6,8,1,5,12
61,1,8,3,4,5,2,9,6,12,11,7,13,10
18,10,7,4,12,1,9,3,8,11,5,6,2,13
67,11,8,1,4,5,2,13,3,7,6,9,12,10
11,3,8,5,13,12,1,9,10,7,11,2,4,6
9,9,3,12,8,5,2,10,4,1,13,6,11,7
57,10,6,12,3,11,8,7,13,2,4,9,1,5
10,5,4,3,6,12,9,2,11,1,10,8,13,7
12,8,13,12,11,9,2,1,5,10,3,7,4,6
99,9,2,3,7,12,13,10,6,5,8,1,11,4
26,4,10,3,12,8,11,5,13,2,7,6,1,9
16,5,12,2,7,3,10,11,4,8,1,13,6,9
96,3,10,9,1,7,11,12,13,5,2,6,4,8
68,6,13,1,10,9,7,8,5,3,4,12,11,2
21,2,7,11,1,13,10,12,8,4,9,5,6,3
18,12,6,2,8,10,3,1,9,13,5,4,11,7
17,12,13,3,7,10,5,11,2,6,1,4,9,8
29,6,7,5,8,3,1,2,4,9,13,10,11,12
63,7,2,3,8,10,11,13,4,12,5,1,6,9
62,4,10,11,12,7,5,2,3,8,9,6,1,13
41,2,13,1,9,5,10,7,3,8,6,11,4,12
9,8,12,6,13,3,5,9,10,11,2,4,7,1
26,12,10,9,3,8,7,5,11,6,13,1,2,4
3,8,1,12,4,10,13,9,11,7,6,5,3,2
73,8,12,5,9,11,6,13,3,1,7,2,4,10
95,9,8,13,10,7,4,5,11,3,6,12,1,2
17,4,11,5,12,7,1,9,8,2,10,3,13,6
47,5,11,13,8,3,2,6,9,12,4,10,1,7
6,6,10,7,3,8,11,5,1,4,12,9,2,13
45,3,4,11,9,7,8,6,12,1,13,10,5,2
87,9,11,4,7,2,6,5,10,8,12,1,3,13
76,7,12,13,8,10,11,9,2,5,6,4,3,1
39,2,10,4,5,3,8,11,7,13,9,1,12,6
48,6,3,1,12,7,9,13,2,4,10,8,11,5
39,9,7,10,5,1,11,2,13,12,4,6,3,8
72,6,4,10,11,3,13,8,2,1,5,7,9,12
64,8,13,6,5,4,10,12,11,1,3,9,7,2
42,1,6,4,7,11,12,9,5,13,3,8,10,2
34,6,1,9,12,3,13,4,8,11,7,10,2,5
50,9,8,5,2,13,12,7,3,6,1,11,4,10
89,1,7,13,9,11,12,10,5,2,8,4,3,6
89,3,12,6,13,10,8,7,11,4,5,1,2,9
42,4,7,9,12,13,1,8,2,3,6,5,11,10
96,5,8,9,4,7,6,11,10,1,12,13,2,3
67,4,6,10,5,11,3,13,8,2,12,7,9,1
31,6,8,13,11,10,4,2,9,1,7,3,12,5
88,1,12,7,3,9,13,5,4,11,6,8,2,10
40,12,9,8,4,6,10,1,2,13,3,5,11,7
51,10,1,8,2,5,9,3,6,7,13,4,12,11
49,1,11,6,4,5,7,3,9,10,8,2,12,13
6,5,13,3,2,7,9,6,1,8,12,4,11,10
31,5,11,10,7,6,9,8,12,4,1,2,13,3
78,10,4,2,13,5,6,1,7,3,8,11,9,12
30,2,4,5,9,12,6,13,1,7,3,11,8,10
72,8,7,3,11,4,10,6,5,13,2,12,1,9
20,2,7,8,12,5,1,6,3,10,11,9,4,13
55,11,8,4,7,2,12,10,5,6,13,3,9,1
43,12,2,9,5,4,10,1,13,3,6,7,8,11
7,2,11,12,9,4,7,5,3,1,13,6,8,10
23,1,10,8,9,12,3,7,11,4,2,13,5,6
26,12,5,10,7,3,13,4,2,1,8,9,6,11
85,5,10,13,1,3,11,7,2,12,4,6,9,8
32,12,4,7,10,13,2,8,5,1,6,9,11,3
69,6,13,4,12,11,1,7,3,2,9,10,8,5
80,12,6,13,7,1,10,5,8,2,3,9,4,11
32,4,5,1,9,3,12,10,7,6,13,11,2,8
12,1,5,8,3,7,9,13,12,6,4,10,2,11
3,12,13,8,7,5,3,9,11,10,6,1,4,2
33,4,1,9,3,7,11,2,5,6,13,10,8,12
39,7,12,8,9,4,13,2,1,11,5,3,6,10
29,9,13,11,10,2,7,5,1,4,8,12,3,6
55,6,9,2,10,8,7,1,12,11,3,13,4,5
85,11,10,2,1,13,6,9,8,3,12,7,5,4
68,8,10,5,9,12,2,4,7,11,6,13,3,1
72,4,11,13,7,8,1,2,5,6,3,12,9,10
76,10,5,6,12,7,9,13,3,8,4,2,1,11
14,2,7,12,10,8,3,6,5,1,9,11,13,4
98,6,8,13,9,10,4,7,11,12,2,3,1,5
0,4,12,13,6,11,10,5,9,1,2,3,8,7
54,13,2,11,6,1,10,7,9,4,12,5,8,3
52,9,4,13,6,10,11,1,3,2,7,5,8,12
88,1,3,2,6,7,8,11,4,9,12,5,13,10
80,8,13,1,3,2,10,5,6,12,7,9,4,11
34,6,5,3,11,13,2,8,10,4,7,9,12,1
77,3,8,4,5,7,11,12,13,9,1,6,2,10
60,2,11,6,5,4,7,3,8,12,9,10,1,13
31,1,9,10,7,13,3,5,8,12,6,2,4,11
97,3,6,13,7,5,11,9,2,10,1,12,8,4
58,10,4,9,8,6,11,2,13,1,7,5,3,12
21,10,5,8,4,6,2,3,1,13,12,11,9,7
12,8,10,3,6,7,13,5,12,1,9,11,2,4
13,12,1,5,6,13,10,2,9,7,11,8,4,3
51,3,7,10,9,11,2,6,13,5,1,12,4,8
9,1,3,7,6,4,8,2,12,10,5,11,9,13
53,2,12,1,11,3,7,6,4,13,9,5,10,8
73,11,10,8,6,5,4,2,7,13,1,3,12,9
5,4,11,3,8,13,9,5,1,6,7,12,2,10
65,6,2,1,4,3,11,10,13,7,12,5,9,8
90,4,7,8,1,10,3,11,2,9,13,12,5,6
77,8,2,10,11,6,9,7,13,4,1,3,5,12
85,9,10,7,6,11,3,5,1,13,4,12,2,8
10,12,5,8,10,4,11,9,6,2,7,1,13,3
36,1,2,10,9,3,11,6,5,8,7,12,13,4
92,6,10,2,7,12,5,4,13,8,3,11,1,9
27,6,7,9,11,2,3,5,13,4,1,10,12,8
21,9,5,4,1,6,11,3,10,7,2,13,12,8
91,10,5,7,11,4,9,13,6,1,8,3,12,2
53,4,13,1,8,12,6,2,7,10,3,5,9,11
37,3,1,7,12,6,2,4,11,13,8,9,10,5
23,11,6,8,10,7,3,1,13,2,12,4,5,9
59,1,12,4,6,13,8,11,10,7,5,2,3,9
1,10,6,4,1,3,11,12,13,9,8,5,7,2
35,6,3,8,5,9,10,2,1,11,12,4,7,13
29,12,10,5,13,4,2,8,3,11,6,1,9,7
68,13,11,12,6,9,10,4,8,3,2,5,1,7
100,5,3,6,8,2,4,7,11,13,10,1,12,9
47,13,3,6,8,10,2,7,1,9,5,11,4,12
89,11,10,1,4,3,7,8,9,13,6,12,5,2
89,3,10,9,11,12,5,6,1,4,2,8,7,13
82,10,6,11,2,8,5,4,1,7,13,3,12,9
48,12,1,10,4,8,13,9,3,2,5,11,6,7
20,12,3,7,11,6,5,9,8,2,10,1,13,4
20,3,10,7,4,9,11,5,6,13,1,2,12,8
81,13,10,6,11,7,4,9,8,12,1,3,5,2
25,5,4,6,2,8,7,11,12,13,1,10,9,3
58,6,11,12,10,3,8,1,7,2,9,5,4,13
5,1,6,8,7,9,13,11,2,3,5,10,4,12
79,2,5,8,7,12,11,1,10,13,6,3,4,9
44,2,12,6,13,7,5,1,11,3,4,10,9,8
96,4,6,9,8,7,2,12,10,5,13,11,3,1
10,6,5,12,1,9,10,2,11,8,7,13,3,4
21,5,12,11,4,2,3,9,7,1,13,8,10,6
45,5,7,11,6,2,9,13,10,12,1,3,4,8
64,1,13,5,3,10,4,11,12,9,2,7,6,8
93,13,11,5,4,10,9,7,2,3,8,1,6,12
93,8,5,3,13,12,7,2,10,1,9,6,4,11
34,2,10,4,11,1,12,3,5,9,13,8,7,6
55,11,4,1,8,13,7,6,5,12,2,10,3,9
19,6,7,11,13,8,9,4,10,3,12,2,5,1
66,3,8,9,10,11,2,4,13,5,12,7,1,6
79,13,12,3,7,10,8,6,9,11,5,4,2,1
63,12,11,9,1,6,8,3,7,13,2,4,10,5
29,7,5,2,12,13,4,1,6,9,3,10,8,11
61,3,4,8,12,9,2,7,13,1,11,10,6,5
60,10,7,3,11,5,1,6,13,4,2,8,12,9
75,5,1,2,8,9,11,4,10,13,7,3,12,6
85,4,5,6,2,13,7,8,3,9,10,1,12,11
58,3,7,4,9,2,10,1,5,12,13,6,8,11
11,10,8,13,6,4,9,7,1,12,5,2,3,11
7,9,8,3,11,7,13,12,5,1,2,10,6,4
5,4,3,13,2,11,9,8,7,1,6,5,10,12
15,10,1,4,9,12,8,11,5,3,13,7,6,2
66,13,12,3,5,10,11,9,1,8,7,2,4,6
76,11,7,3,6,10,2,4,9,8,12,13,5,1
7,5,1,10,2,8,3,6,9,13,7,12,4,11
15,13,3,2,6,7,12,4,5,1,11,9,10,8
24,12,5,4,2,3,7,11,9,10,8,6,1,13
29,5,2,7,10,3,12,9,11,13,6,4,8,1
94,13,9,6,12,5,3,2,11,4,8,10,7,1
6,5,4,13,8,7,3,1,9,12,2,10,11,6
42,2,6,1,4,12,7,5,9,3,13,10,8,11
37,7,6,1,4,13,5,12,8,3,2,11,9,10
19,4,5,13,8,9,3,11,7,12,1,6,2,10
75,2,11,10,13,3,4,1,9,8,6,5,12,7
90,8,13,7,5,2,4,10,1,6,3,12,9,11
78,12,5,8,6,2,10,4,9,7,11,1,13,3
1,3,9,5,7,2,13,10,12,8,6,11,4,1
50,11,12,8,1,2,3,10,9,7,5,13,4,6
19,13,1,10,12,8,11,3,6,2,4,7,9,5
94,3,11,8,12,4,10,9,5,2,7,1,6,13
9,13,5,8,4,1,10,6,3,9,11,2,12,7
73,11,1,3,8,9,2,12,7,13,5,6,10,4
72,1,2,4,10,3,5,13,12,6,9,11,7,8
78,11,9,10,1,3,6,2,13,12,4,7,8,5
90,8,12,1,6,3,2,9,7,13,10,4,11,5
52,12,8,9,13,2,5,7,10,3,4,1,6,11
53,5,3,11,9,10,13,1,12,8,2,7,6,4
27,10,11,5,8,1,13,12,9,6,2,7,3,4
79,12,9,11,10,8,7,13,6,2,3,4,5,1
46,12,11,3,4,2,13,5,9,8,7,10,6,1
73,3,6,11,10,5,9,7,8,1,13,2,4,12
13,13,12,10,8,2,6,9,3,1,11,5,7,4
37,10,8,3,6,11,4,12,9,1,7,5,2,13
39,6,8,10,11,7,5,13,12,9,2,3,1,4
24,1,6,9,2,13,7,5,4,10,11,3,12,8
77,12,11,2,1,10,8,4,13,7,5,3,6,9
17,10,9,3,5,2,8,12,13,6,7,4,11,1
99,3,9,6,5,4,11,7,1,13,8,10,12,2
71,9,8,10,11,1,13,5,12,6,4,2,3,7
28,13,2,7,5,11,6,3,12,8,4,9,1,10
100,7,11,12,13,3,4,5,9,1,10,2,6,8
89,5,12,13,4,9,1,6,2,10,8,3,7,11
85,4,12,8,11,6,10,3,7,1,13,9,2,5
93,6,4,7,2,11,9,5,1,3,10,12,13,8
100,8,1,9,13,11,4,10,5,12,3,7,2,6
75,1,2,13,10,8,6,4,9,7,3,5,12,11
15,9,13,4,10,1,8,12,6,5,11,2,7,3
11,10,4,5,1,7,11,12,3,13,9,2,6,8
20,11,7,12,4,1,2,9,3,10,8,13,5,6
67,10,3,2,8,6,11,4,7,12,5,1,13,9
37,3,6,2,5,1,9,4,13,8,7,10,12,11
60,9,3,6,1,13,5,8,10,11,2,7,12,4
92,9,2,5,1,12,11,4,10,7,3,13,6,8
84,2,9,8,12,13,4,7,5,1,6,3,10,11
33,8,10,1,13,4,9,3,7,12,2,5,11,6
50,9,6,4,8,1,13,10,5,2,7,12,3,11
36,9,12,13,3,5,10,6,11,2,8,7,4,1
12,8,3,12,7,10,4,5,6,2,1,13,9,11
40,10,1,2,9,11,8,3,7,4,13,6,12,5
73,10,4,1,9,5,11,13,6,8,3,7,2,12
20,5,8,12,10,7,4,9,11,13,1,3,6,2
77,5,7,13,4,3,9,11,8,12,1,10,6,2
49,2,13,11,9,8,7,3,4,10,12,5,6,1
51,11,3,13,2,1,10,5,9,8,4,6,12,7
19,8,4,2,6,13,1,3,9,7,11,12,10,5
84,6,10,3,7,12,8,11,1,9,4,5,13,2
17,13,3,7,10,5,2,6,11,12,9,1,8,4
83,2,5,7,10,3,1,12,4,6,13,9,8,11
78,1,8,9,11,3,6,12,13,4,10,5,7,2
38,13,12,8,7,1,2,6,10,9,5,4,11,3
13,9,3,6,12,10,13,8,2,7,4,5,1,11
79,7,13,6,9,8,4,2,1,10,11,3,5,12
0,11,9,12,1,2,4,8,6,13,5,3,10,7
54,6,2,4,11,12,7,10,13,5,1,9,3,8
91,5,2,3,12,7,9,10,6,8,11,1,13,4
5,5,11,7,12,13,10,6,2,3,1,8,4,9
73,9,10,13,3,11,5,12,6,4,7,8,1,2
42,3,1,9,4,6,8,7,13,12,5,11,10,2
78,5,2,1,13,12,10,11,3,8,4,7,6,9
61,2,12,1,5,3,4,9,11,13,7,6,10,8
52,12,9,3,7,4,10,2,11,5,1,6,8,13
30,5,10,7,9,2,8,11,1,6,12,3,13,4
87,10,12,6,9,11,5,4,13,3,2,7,1,8
65,6,5,7,2,9,12,13,4,10,8,1,3,11
28,6,3,9,12,13,8,11,2,1,4,7,5,10
94,3,9,13,5,1,7,12,11,2,4,8,10,6
96,9,10,5,8,1,7,2,3,4,12,6,11,13
61,12,11,13,10,5,7,3,4,2,6,9,1,8
24,13,7,8,10,5,4,11,6,3,12,2,9,1
81,1,12,7,8,6,9,13,5,10,2,3,4,11
89,10,7,8,13,2,3,5,6,12,9,11,4,1
24,10,5,6,1,7,12,8,3,11,4,2,13,9
76,9,2,5,3,6,8,13,10,1,4,7,11,12
66,7,11,4,6,5,9,2,10,13,1,3,12,8
85,3,10,8,4,13,12,11,1,5,9,2,7,6
63,11,4,10,5,6,13,3,1,12,8,2,7,9
95,10,13,11,3,12,6,9,4,8,2,7,1,5
67,4,11,2,3,7,10,6,1,9,12,5,13,8
2,2,5,10,9,1,13,8,7,12,4,6,11,3
90,12,8,10,11,2,9,7,4,6,13,1,5,3
81,8,3,12,5,4,10,9,7,11,1,13,2,6
26,8,13,5,4,2,6,3,7,10,11,12,1,9
40,13,3,4,10,9,11,8,5,1,6,2,12,7
37,11,10,5,4,2,9,13,6,1,12,3,7,8
9,11,1,9,13,3,7,12,2,5,10,4,8,6
46,11,13,1,10,3,8,12,2,5,6,9,4,7
19,10,8,7,5,6,1,12,3,13,9,2,4,11
18,8,2,6,5,7,4,10,12,11,1,3,9,13
39,11,9,2,6,10,5,3,1,7,4,8,13,12
98,4,3,8,10,11,1,7,13,6,5,2,12,9
27,1,2,13,12,4,6,9,3,10,11,7,5,8
47,7,2,4,1,11,6,12,13,8,5,3,9,10
82,5,4,9,12,1,13,8,6,10,7,2,11,3
37,8,12,7,13,3,5,11,6,2,9,10,1,4
98,3,13,10,11,12,8,7,2,6,9,1,5,4
45,9,12,6,2,10,5,1,8,3,11,4,13,7
33,4,1,6,12,13,11,10,2,8,7,5,3,9
75,7,8,3,1,11,10,4,9,13,2,6,12,5
47,11,3,5,12,6,8,13,2,10,9,4,1,7
59,4,8,3,10,2,6,12,1,7,11,9,5,13
55,11,1,13,7,12,5,4,9,2,6,3,10,8
39,9,2,8,4,3,11,1,12,10,5,6,7,13
27,3,8,13,7,6,12,5,1,10,11,9,2,4
71,1,11,7,5,13,2,9,3,10,12,8,6,4
78,5,7,13,8,11,6,10,9,12,3,4,1,2
46,9,1,3,13,10,7,6,12,8,4,11,5,2
98,2,7,10,4,12,9,1,11,8,6,3,5,13
50,11,1,12,10,4,3,13,7,5,9,6,8,2
58,10,2,12,6,11,7,13,3,4,1,5,9,8
35,8,9,2,1,4,10,3,12,5,7,11,6,13
43,8,5,1,10,6,11,12,9,7,2,4,3,13
9,9,1,12,7,5,3,8,6,4,2,11,13,10
37,2,11,10,6,12,1,9,4,5,8,3,13,7
53,6,4,3,2,9,13,1,10,12,11,8,5,7
97,12,10,11,1,2,13,9,6,4,3,5,8,7
84,12,13,8,4,11,9,1,6,3,10,2,7,5
94,4,11,10,3,9,13,2,7,8,6,5,1,12
39,8,4,10,5,9,1,2,3,11,7,6,13,12
43,10,8,9,7,6,11,5,12,2,4,13,3,1
12,1,11,4,9,3,2,13,8,12,10,6,7,5
57,10,5,8,3,1,2,7,11,9,6,4,13,12
34,3,10,11,6,7,4,5,13,2,9,12,8,1
18,12,5,9,10,11,3,2,1,4,8,13,7,6
4,6,2,11,7,9,8,5,13,4,3,12,1,10
44,11,5,2,13,7,9,8,6,12,10,1,4,3
68,8,2,4,3,12,10,5,1,6,7,13,9,11
14,6,5,1,12,13,7,9,11,2,8,4,3,10
92,1,9,2,7,10,12,6,5,8,13,11,3,4
79,6,11,5,12,1,3,7,10,4,2,9,13,8
2,12,7,4,13,6,8,1,11,2,3,5,10,9
42,6,13,4,10,7,8,2,11,12,1,5,3,9
58,11,7,2,12,10,13,3,1,6,4,8,9,5
86,7,11,13,6,9,12,3,4,10,8,2,1,5
83,6,9,5,1,2,3,4,10,13,8,11,7,12
69,9,2,8,10,3,4,13,1,12,7,11,5,6
76,5,11,1,8,12,3,9,13,2,10,6,7,4
90,2,1,11,9,8,12,4,6,7,10,5,3,13
98,6,7,1,9,12,2,13,4,3,8,10,11,5
83,3,5,4,9,10,1,6,11,7,13,2,8,12
52,7,5,4,9,11,1,3,2,13,8,12,10,6
56,10,1,4,6,9,2,8,12,3,13,11,5,7
79,10,7,4,1,9,5,13,8,6,11,12,2,3
18,5,11,1,13,7,9,6,4,3,2,8,12,10
0,3,11,4,2,6,8,9,10,1,5,13,12,7
73,5,4,10,3,12,13,11,1,7,8,6,2,9
29,11,6,13,7,12,5,2,1,10,3,8,4,9
74,9,10,7,11,13,2,8,6,5,3,12,4,1
0,8,5,2,3,4,13,10,7,12,11,9,1,6
94,1,12,2,13,10,3,11,5,4,8,9,7,6
92,9,10,5,7,8,1,11,12,6,13,4,2,3
69,3,9,2,4,10,11,13,12,5,1,6,7,8
33,12,1,7,8,3,4,10,9,5,13,2,11,6
2,9,5,2,1,6,12,3,4,13,7,11,8,10
47,13,10,4,8,7,11,3,9,12,1,6,5,2
41,5,3,13,11,1,10,12,7,4,6,8,9,2
15,6,2,7,8,10,11,3,4,12,5,13,9,1
54,4,2,8,10,6,11,3,9,13,1,12,5,7
29,3,12,9,6,1,10,7,4,8,5,2,11,13
99,5,9,8,10,12,11,1,13,3,4,2,7,6
95,4,2,8,1,11,12,10,5,13,7,9,3,6
16,3,11,12,1,13,7,9,2,4,8,5,10,6
74,13,1,10,4,6,9,11,3,5,2,12,8,7
21,10,6,12,13,3,9,5,7,2,4,1,8,11
73,2,10,1,5,4,9,8,6,13,11,7,12,3
79,8,12,10,3,1,9,2,6,7,5,11,4,13
21,9,10,6,2,3,1,8,12,13,11,5,4,7
50,8,7,10,6,2,12,11,1,13,4,9,5,3
82,13,12,4,11,6,10,7,1,2,8,3,5,9
4,3,10,13,8,2,6,1,12,7,4,9,5,11
36,3,4,12,8,5,6,13,2,11,7,9,1,10
16,7,13,2,5,9,1,12,4,6,3,8,10,11
75,2,1,7,8,12,10,13,5,4,11,9,6,3
99,1,5,8,13,10,9,2,7,11,4,3,12,6
61,6,11,5,2,9,7,12,8,3,4,10,1,13
34,3,10,4,2,11,13,1,12,5,6,7,9,8
13,9,11,5,6,12,7,8,2,4,3,1,10,13
67,8,4,6,1,5,10,3,9,7,13,11,2,12
37,7,4,11,9,3,13,10,6,5,2,1,8,12
4,3,13,10,4,8,12,2,11,6,5,1,9,7
92,1,9,6,3,13,5,11,12,10,4,7,8,2
52,2,3,11,1,4,7,6,10,8,5,12,9,13
31,2,1,8,11,6,9,10,4,7,12,3,5,13
89,10,4,7,9,3,12,2,8,11,13,5,6,1
29,1,13,6,10,12,8,5,2,9,7,4,11,3
22,12,11,4,5,6,7,13,2,9,3,8,10,1
42,5,11,2,6,9,8,1,12,4,3,10,13,7
41,4,12,2,11,1,5,10,9,6,3,13,8,7
22,8,1,10,4,9,3,11,12,13,6,7,2,5
38,4,9,12,7,11,8,3,2,6,5,13,10,1
62,6,3,4,10,9,7,8,2,12,1,13,5,11
46,10,4,5,12,3,9,8,1,6,2,7,11,13
19,3,7,5,8,10,9,4,2,13,11,12,6,1
53,8,11,4,9,7,13,10,12,1,6,3,2,5
68,11,12,4,3,6,1,13,8,2,5,10,9,7
55,6,11,5,2,8,10,4,1,9,12,13,7,3
59,1,3,8,5,7,13,11,10,4,6,2,12,9
30,12,10,9,4,6,7,5,11,3,13,1,8,2
17,12,8,13,6,10,9,11,4,1,5,7,3,2
20,2,6,1,3,10,4,7,9,11,13,8,12,5
66,1,10,6,12,2,4,13,3,9,5,7,11,8
64,12,1,4,5,6,2,10,9,8,3,11,7,13
91,10,6,3,11,2,13,5,12,1,9,4,8,7
19,10,1,8,12,4,6,3,11,5,2,13,7,9
16,7,11,5,2,13,6,12,10,1,9,4,8,3
55,6,8,13,1,10,4,3,9,7,12,11,5,2
84,4,10,12,11,2,1,8,6,5,7,9,3,13
98,6,3,1,10,7,13,2,11,9,4,8,12,5
28,7,9,2,5,6,1,11,13,10,4,3,8,12
40,13,7,3,8,6,12,2,11,9,5,10,4,1
4,7,6,4,10,12,8,1,3,9,2,5,11,13
77,4,2,7,11,13,3,6,1,8,5,9,12,10
59,3,8,2,13,1,7,6,11,12,10,5,4,9
90,1,12,11,3,5,2,9,4,6,13,7,8,10
9,2,8,7,13,10,6,12,5,11,3,1,4,9
71,1,13,7,6,2,3,5,11,9,10,8,12,4
5,13,9,4,12,5,7,8,2,6,3,1,11,10
30,10,2,1,3,7,6,11,4,5,9,12,8,13
32,5,9,3,11,13,8,1,7,4,10,6,2,12
86,7,12,11,5,13,2,1,4,9,8,6,10,3
14,12,5,7,6,1,13,11,4,9,10,8,2,3
75,5,3,12,4,11,10,2,8,6,9,7,13,1
55,4,13,6,1,9,7,5,10,12,3,8,11,2
77,5,2,12,11,7,10,13,1,3,4,8,6,9
100,1,11,10,2,13,12,6,7,8,9,3,5,4
70,6,12,7,2,4,3,5,9,1,13,10,11,8
67,12,2,7,8,3,13,1,10,9,6,5,11,4
59,4,6,5,7,1,11,12,10,13,8,9,2,3
71,10,5,6,4,3,1,9,8,7,13,11,2,12
79,2,1,12,13,8,10,11,7,4,9,6,3,5
66,13,1,8,2,7,5,12,4,6,9,10,3,11
55,7,3,5,13,1,10,6,4,2,9,12,11,8
33,3,7,9,10,4,5,6,12,11,2,1,8,13
73,6,5,9,12,1,13,8,10,3,7,4,11,2
57,8,11,12,4,7,5,1,10,3,9,13,2,6
70,3,4,9,2,13,1,6,7,11,8,10,12,5
96,6,11,3,5,10,2,9,8,7,13,4,1,12
23,6,9,1,2,7,8,10,12,5,11,3,13,4
27,4,12,7,10,13,9,11,3,1,8,5,6,2
49,2,8,1,13,5,3,4,12,10,6,7,9,11
89,3,8,6,12,10,7,11,4,13,1,5,2,9
87,10,9,2,6,5,11,7,3,12,4,8,1,13
88,9,4,3,7,8,11,10,12,6,1,13,2,5
29,2,7,6,10,12,5,8,3,13,1,11,9,4
33,1,7,6,13,2,4,8,9,12,10,11,3,5
31,5,7,3,6,1,9,12,4,8,2,10,13,11
13,8,7,9,3,4,11,12,13,6,10,2,5,1
29,13,6,5,9,12,2,7,8,1,3,4,11,10
45,2,10,7,4,3,6,8,5,11,13,9,12,1
28,4,8,5,6,1,11,7,10,9,13,12,2,3
31,10,4,3,5,8,6,11,2,7,12,9,13,1
33,3,2,10,13,1,6,8,11,4,9,12,7,5
60,7,5,13,2,3,11,10,1,4,12,6,8,9
14,8,6,2,9,3,1,4,13,10,5,11,12,7
48,5,10,13,6,8,3,1,2,12,4,11,7,9
90,13,8,4,2,11,1,6,10,3,9,5,7,12
26,11,9,3,10,6,8,7,4,2,13,1,12,5
69,8,9,13,10,7,6,12,4,1,11,3,2,5
94,6,3,8,5,1,11,4,13,9,2,12,10,7
3,2,3,8,10,7,6,5,11,9,4,13,1,12
62,11,6,3,10,13,2,7,4,5,8,9,12,1
93,6,3,12,2,7,4,1,13,10,8,11,5,9
4,13,7,8,1,9,4,11,6,10,2,3,5,12
63,1,9,3,13,2,8,6,10,4,12,7,5,11
99,7,6,1,8,11,12,10,4,5,9,2,13,3
96,10,12,8,2,6,4,5,9,13,11,7,1,3
3,9,1,6,5,4,8,11,2,7,3,12,13,10
4,9,10,6,8,5,2,7,11,1,4,12,3,13
1,3,12,4,9,5,11,7,10,13,8,6,1,2
92,4,6,12,3,9,8,10,13,11,5,2,7,1
43,10,6,11,12,7,9,1,13,8,5,2,4,3
14,12,4,11,1,2,10,5,13,6,8,3,7,9
31,6,1,11,9,10,12,2,5,8,13,7,4,3
96,10,2,3,6,13,5,1,8,7,4,9,11,12
23,8,9,7,13,10,2,6,3,4,5,1,11,12
15,4,10,8,9,3,13,6,5,7,12,2,1,11
54,3,4,8,6,11,10,13,1,12,7,5,2,9
41,12,2,13,9,5,8,10,11,1,6,7,4,3
89,2,3,6,1,4,13,5,9,7,10,12,8,11
99,4,13,2,10,6,12,5,7,3,1,8,11,9
15,5,12,2,11,7,13,1,4,8,3,9,10,6
5,9,6,8,5,2,7,11,3,10,1,13,4,12
58,12,13,4,11,6,8,2,1,5,10,3,7,9
7,1,2,6,8,12,3,5,9,10,11,13,4,7
26,9,2,8,4,6,13,12,5,3,7,10,1,11
23,9,7,13,2,3,12,1,5,8,10,4,6,11
96,3,13,6,7,9,1,8,4,5,2,12,11,10
91,3,13,2,12,9,5,11,4,8,6,1,7,10
55,2,10,9,13,4,8,3,12,11,6,5,7,1
71,1,4,12,11,3,7,6,13,2,5,10,8,9
23,3,7,9,6,8,1,5,4,13,12,10,11,2
18,4,5,6,8,1,7,10,12,2,11,9,3,13
12,10,8,3,1,4,11,13,9,5,12,2,6,7
81,3,12,5,10,11,9,8,4,13,6,7,2,1
53,4,8,10,5,1,3,13,9,6,2,11,12,7
91,9,5,8,13,11,1,3,4,10,6,2,12,7
8,7,8,11,5,12,4,1,2,3,9,13,6,10
4,2,6,1,9,10,13,3,4,7,8,5,12,11
6,2,1,7,6,10,8,9,12,5,11,3,13,4
69,1,12,11,8,5,6,4,13,3,2,7,10,9
72,3,8,9,12,6,5,1,4,7,2,11,10,13
4,10,3,4,8,1,12,5,7,9,13,2,11,6
26,11,10,8,12,9,13,2,3,1,6,4,7,5
88,5,2,9,12,7,13,11,8,1,10,6,3,4
79,4,5,7,6,12,10,1,8,11,2,9,3,13
43,1,9,6,4,13,10,3,12,2,11,5,8,7
98,7,3,10,4,9,8,2,13,6,12,5,1,11
59,7,4,13,1,9,12,11,10,3,6,5,2,8
41,12,5,13,1,4,7,11,3,8,10,9,6,2
89,3,4,8,1,5,6,12,10,2,9,11,7,13
10,3,4,1,11,5,8,13,2,10,9,12,6,7
48,6,12,8,11,10,7,1,3,9,2,5,13,4
6,10,12,3,6,11,7,9,1,13,2,8,4,5
97,8,13,3,4,5,11,12,7,6,2,1,9,10
75,12,3,2,10,13,6,1,11,4,8,5,7,9
5,1,2,7,6,8,10,11,13,12,3,5,4,9
97,3,11,10,5,13,1,6,12,7,9,2,8,4
84,3,9,11,7,6,8,4,2,13,5,1,10,12
25,11,13,10,12,1,4,8,2,3,5,9,7,6
80,9,3,8,7,13,2,1,12,6,5,10,4,11
89,8,4,2,9,7,3,13,10,11,1,5,12,6
45,10,1,9,4,3,8,13,5,6,12,7,11,2
76,1,12,9,4,13,11,6,7,3,5,2,8,10
16,6,13,2,12,8,4,1,7,10,5,9,11,3
99,8,1,2,12,5,11,9,7,3,4,6,13,10
5,12,13,10,1,11,8,2,6,5,9,3,4,7
84,6,3,7,12,1,10,9,11,5,8,2,13,4
99,6,11,13,9,4,7,12,2,5,1,10,8,3
81,1,12,9,8,11,6,3,7,10,5,13,2,4
56,9,1,2,8,11,6,7,10,13,5,4,3,12
100,9,2,13,4,12,8,1,6,11,10,7,5,3
56,3,5,2,7,12,13,4,1,9,8,10,6,11
85,8,7,5,12,1,9,3,11,13,4,6,10,2
6,2,13,10,5,7,1,11,9,12,4,8,6,3
15,7,13,9,4,6,12,1,8,3,10,5,11,2
49,8,2,10,4,9,13,3,6,7,11,12,1,5
91,3,12,1,11,10,2,13,5,4,8,7,6,9
79,6,11,9,13,1,2,7,12,3,5,8,10,4
9,6,5,13,10,2,8,7,3,9,11,12,4,1
78,12,1,4,3,2,13,8,5,7,11,6,9,10
65,11,6,2,5,10,12,13,7,1,3,8,9,4
82,8,9,1,6,11,3,10,5,2,12,4,7,13
60,12,2,3,5,11,7,1,8,13,9,4,10,6
76,5,10,1,6,8,3,7,12,9,11,13,2,4
35,10,3,11,12,7,4,5,6,8,2,9,1,13
12,9,2,3,10,13,8,11,4,7,12,1,6,5
98,1,5,9,6,13,4,11,12,8,2,7,3,10
85,6,5,2,8,12,4,9,13,10,3,1,7,11
40,7,1,9,5,10,11,6,4,3,12,8,13,2
29,11,1,6,2,8,10,3,9,5,7,12,4,13
85,8,3,10,12,5,9,11,7,2,1,6,13,4
48,4,9,10,3,13,1,6,7,12,8,2,11,5
69,3,2,13,5,12,7,11,1,4,9,8,10,6
96,2,5,10,6,7,3,9,4,13,8,11,1,12
65,4,6,5,12,3,10,13,8,2,11,9,1,7
11,6,11,3,13,8,2,1,10,12,9,4,5,7
68,10,3,12,1,11,2,4,13,6,9,8,5,7
97,2,9,8,4,10,11,7,3,13,1,5,6,12
67,13,5,9,6,1,4,7,2,8,12,11,10,3
96,9,12,6,10,13,11,7,8,4,2,5,3,1
70,10,5,11,4,3,12,6,13,9,8,7,2,1
56,10,12,6,3,4,8,2,7,13,5,11,1,9
84,10,12,11,4,1,3,8,9,2,6,7,5,13
30,3,9,11,13,12,1,8,10,4,2,6,7,5
89,9,4,5,8,6,13,1,2,10,12,11,7,3
70,12,6,3,9,5,10,4,8,2,7,13,11,1
67,4,9,7,3,1,11,6,8,5,10,2,12,13
43,13,5,2,9,12,8,1,11,6,7,3,10,4
82,5,12,7,9,4,2,10,3,8,6,11,13,1
80,9,11,6,13,12,10,4,8,1,3,7,2,5
98,12,13,6,9,4,8,1,11,7,10,5,3,2
11,10,11,2,13,1,7,12,5,4,3,6,8,9
3,5,3,9,7,1,12,6,2,13,8,11,10,4
96,13,7,5,6,3,2,11,9,10,12,8,1,4
93,7,12,11,8,3,5,10,1,2,9,6,13,4
21,2,13,5,3,9,7,1,8,4,10,11,12,6
10,12,10,5,13,3,1,2,9,8,7,4,6,11
45,2,10,8,7,3,5,4,9,6,1,12,13,11
36,11,7,9,2,5,8,4,3,13,6,1,10,12
4,13,3,12,6,10,11,8,7,1,2,4,5,9
69,4,7,10,2,8,12,6,11,13,5,9,1,3
46,13,5,2,1,7,12,6,9,10,11,4,8,3
5,6,13,4,2,11,10,9,12,5,8,1,7,3
64,11,3,6,9,8,10,1,5,13,4,7,2,12
14,4,7,3,9,12,5,10,13,8,2,6,11,1
97,1,3,10,8,2,12,6,13,5,7,4,11,9
45,6,8,7,12,9,11,13,10,5,4,2,3,1
89,10,13,12,6,1,9,4,8,3,11,7,2,5
27,12,10,9,7,5,11,13,6,2,8,3,4,1
17,2,1,7,10,11,6,13,3,12,4,5,8,9
68,8,5,3,4,2,9,6,12,1,13,7,10,11
81,12,5,6,2,7,10,9,13,8,3,1,4,11
60,2,4,3,8,6,7,13,1,5,12,11,10,9
93,12,4,11,9,3,2,13,8,10,5,6,1,7
82,3,13,1,10,9,6,11,12,8,2,5,4,7
13,13,5,6,1,4,2,10,3,8,7,11,12,9
82,13,11,5,4,2,6,8,3,1,10,9,7,12
100,7,4,1,10,11,6,3,5,13,2,9,8,12
50,13,4,11,7,3,5,12,8,6,9,1,10,2
94,1,6,13,3,2,4,7,5,8,11,12,9,10
48,6,10,13,12,2,9,3,1,11,7,8,5,4
24,1,5,10,11,9,8,2,7,13,3,6,12,4
61,6,9,3,2,7,1,12,8,13,4,11,5,10
19,7,12,2,11,4,5,6,9,1,3,8,10,13
64,5,8,3,12,6,7,9,13,1,11,2,10,4
51,5,7,2,3,13,8,6,1,10,11,4,9,12
95,9,11,3,8,7,12,10,13,6,1,5,4,2
14,11,12,13,6,2,8,9,4,1,3,7,5,10
1,2,7,6,3,10,1,5,4,11,13,8,12,9
42,7,10,5,9,3,8,6,2,1,13,12,4,11
6,6,5,10,9,2,4,12,8,3,7,1,13,11
99,8,1,2,7,6,4,3,5,12,9,11,13,10
43,3,8,9,5,10,13,7,6,1,4,11,2,12
18,9,1,5,12,3,10,4,13,11,6,8,2,7
3,1,3,7,12,4,9,5,13,6,2,11,8,10
38,7,2,9,11,6,12,5,1,13,10,8,3,4
72,13,7,10,4,1,8,9,11,3,6,12,5,2
68,3,1,5,7,2,4,12,8,6,11,10,13,9
56,10,2,9,6,13,12,5,1,8,4,3,7,11
79,2,12,10,9,6,3,8,5,7,1,4,13,11
9,12,7,6,5,11,13,8,3,4,10,1,9,2
7,10,2,8,9,13,5,7,1,6,12,4,11,3
91,6,7,9,10,5,2,3,12,8,4,11,1,13
52,13,8,1,12,7,3,5,6,11,2,4,9,10
2,2,6,7,11,12,10,3,4,8,5,9,13,1
28,9,7,5,2,13,8,11,10,12,6,1,3,4
12,10,11,1,9,6,5,13,4,7,12,3,8,2
21,6,5,13,4,1,3,11,12,2,9,8,10,7
41,12,1,10,2,3,11,5,8,9,6,7,13,4
35,12,7,3,5,4,13,9,10,6,2,11,1,8
35,2,4,9,11,13,1,12,3,10,6,5,8,7
1,11,4,12,6,13,9,5,1,3,7,2,8,10
20,3,10,7,6,1,2,11,5,13,4,12,9,8
100,12,13,2,6,9,8,3,1,11,7,10,5,4
65,10,9,3,4,13,6,12,7,8,11,1,2,5
81,4,1,6,10,8,7,11,2,13,3,9,12,5
9,11,2,13,5,4,6,3,10,7,9,1,12,8
8,8,5,1,13,7,2,4,3,12,9,6,11,10
84,4,7,11,9,8,5,13,3,10,6,12,2,1
62,10,13,12,1,6,4,8,9,7,2,5,3,11
33,4,12,11,1,2,3,8,7,10,13,9,5,6
20,6,1,8,3,13,10,5,11,9,4,2,12,7
26,1,10,4,9,7,13,11,2,6,8,12,3,5
50,2,13,10,3,11,4,1,5,6,12,7,8,9
44,9,11,5,10,12,7,8,3,6,13,1,4,2
51,7,9,13,8,3,11,12,1,10,6,2,4,5
76,7,1,12,4,6,11,10,2,3,13,9,5,8
59,13,8,10,11,12,1,6,3,2,9,4,5,7
93,7,4,13,2,11,8,6,12,5,10,1,9,3
2,4,13,9,10,7,2,1,3,8,11,5,6,12
11,5,8,12,6,4,1,10,2,3,11,13,7,9
6,4,9,13,5,11,10,6,3,8,1,2,12,7
8,13,10,3,6,12,2,9,1,4,11,7,5,8
90,3,13,5,7,4,9,8,12,10,2,1,11,6
28,4,10,6,1,5,8,11,7,9,3,13,2,12
69,5,13,10,8,12,2,4,7,3,11,1,6,9
51,7,5,10,11,13,9,2,12,3,1,8,4,6
23,10,1,9,6,7,3,13,5,12,4,2,8,11
9,6,9,12,1,13,8,11,5,4,2,7,10,3
65,13,5,6,3,4,9,1,12,2,7,8,11,10
62,7,3,6,9,1,4,11,13,5,10,8,12,2
27,4,9,2,3,1,6,5,13,8,11,12,10,7
44,11,13,5,1,2,6,4,12,9,3,8,10,7
30,3,7,9,4,12,8,11,5,6,10,2,1,13
44,1,11,4,13,12,7,3,5,10,8,6,2,9
78,12,7,11,9,4,2,5,8,6,10,3,13,1
25,3,5,10,6,12,9,7,4,2,11,13,8,1
87,12,2,13,5,9,10,7,4,3,11,6,1,8
75,5,7,2,1,11,8,10,9,13,12,3,4,6
87,11,13,6,4,8,3,9,12,1,5,2,10,7
14,9,5,7,6,3,11,1,10,4,13,2,12,8
90,13,4,3,5,8,11,6,2,10,1,7,9,12
80,6,9,4,12,1,3,10,2,5,13,7,8,11
74,9,11,10,2,3,12,4,8,6,1,13,5,7
66,8,11,4,12,10,3,9,5,2,7,1,13,6
76,7,13,10,6,2,8,3,5,11,1,9,12,4
12,12,9,4,2,3,8,6,5,7,13,1,11,10
74,7,4,11,5,10,1,2,13,8,6,3,12,9
80,9,10,11,3,7,4,6,8,2,5,12,1,13
17,7,13,1,9,10,5,6,12,4,8,2,11,3
6,13,9,2,3,4,8,7,6,12,1,11,5,10
4,13,8,12,1,7,10,6,4,9,2,5,11,3
82,10,6,3,4,12,9,11,8,5,7,1,2,13
86,10,11,13,1,9,3,5,2,8,4,12,7,6
2,13,7,11,5,6,2,10,4,3,12,9,1,8
33,4,1,2,13,12,6,7,3,5,9,8,10,11
33,11,7,4,13,9,8,5,12,10,3,6,1,2
78,10,7,9,4,11,13,6,5,3,1,2,12,8
46,1,3,13,10,5,4,8,12,7,2,11,6,9
74,11,13,9,3,1,2,5,12,4,6,10,8,7
2,11,7,13,2,4,5,6,9,8,12,10,1,3
22,2,9,6,3,5,11,4,10,13,8,1,12,7
31,6,7,3,5,2,8,10,13,1,9,11,12,4
41,1,2,11,7,3,10,12,5,8,9,4,13,6
81,11,1,4,10,5,9,2,7,12,8,13,3,6
48,12,4,10,5,13,9,1,6,2,8,11,7,3
74,4,11,10,7,2,1,13,3,9,12,5,6,8
94,2,5,9,12,6,10,3,4,1,7,13,11,8
74,10,5,9,8,3,11,12,6,7,4,2,1,13
78,1,8,12,3,10,6,4,11,2,5,13,7,9
48,8,6,9,13,7,2,12,11,5,10,4,3,1
57,13,9,7,1,6,11,5,3,8,10,12,4,2
14,7,12,3,13,2,1,9,6,5,8,10,4,11
66,12,6,8,11,7,9,1,2,10,3,4,5,13
49,7,2,11,4,3,1,13,8,5,6,10,9,12
28,6,11,4,12,5,10,3,13,8,9,2,1,7
21,11,4,3,6,8,12,7,2,1,9,5,10,13
59,10,12,1,9,5,13,11,7,6,3,2,8,4
36,1,2,9,4,3,7,11,8,10,13,12,6,5
57,2,13,10,8,1,9,6,4,3,5,11,7,12
21,3,6,12,2,13,8,10,9,4,11,1,7,5
91,6,8,10,3,9,4,12,1,13,7,2,5,11
75,6,8,5,3,9,2,4,11,13,12,10,1,7
34,12,6,8,9,7,5,3,1,2,4,13,11,10
42,10,12,3,13,11,1,9,5,2,7,8,6,4
82,1,5,9,3,11,10,13,4,6,2,12,7,8
91,9,11,4,2,3,5,8,12,13,6,1,10,7
49,12,2,6,4,3,7,13,9,8,10,11,5,1
44,8,12,4,9,5,7,6,10,13,3,1,2,11
69,5,2,12,4,11,9,10,7,1,3,13,6,8
60,1,13,9,2,7,8,3,12,10,6,5,11,4
13,12,1,11,8,7,3,9,5,2,10,13,4,6
6,6,1,9,8,4,11,3,10,12,2,5,13,7
18,7,1,5,8,2,12,6,4,10,9,13,3,11
26,4,2,7,11,10,9,8,5,12,3,13,6,1
14,3,10,6,12,9,7,11,5,4,8,1,13,2
49,9,6,3,2,10,11,13,1,5,8,12,4,7
27,10,12,2,1,4,9,7,11,6,5,8,13,3
86,13,4,2,11,9,6,1,8,3,5,12,7,10
14,11,5,9,13,1,2,8,10,7,3,6,4,12
39,13,3,2,6,10,9,5,4,12,11,8,1,7
45,12,5,10,3,8,6,9,13,7,4,2,11,1
8,11,12,3,8,9,2,1,7,13,5,6,10,4
1,7,9,8,5,2,13,10,11,1,12,3,4,6
82,11,7,8,12,10,6,4,9,3,13,2,5,1
14,12,9,10,8,6,3,11,1,2,13,7,4,5
70,1,3,4,2,8,9,7,13,5,6,10,11,12
97,7,5,13,8,3,9,10,4,2,1,6,12,11
79,3,1,13,12,6,8,4,10,5,2,9,7,11
4,3,7,8,4,13,5,10,11,1,9,2,6,12
81,13,11,12,9,3,10,6,5,7,1,8,4,2
69,3,12,8,5,10,7,11,4,9,2,1,6,13
18,9,1,8,6,11,5,7,3,2,10,4,13,12
95,5,11,4,1,2,8,9,12,7,3,6,10,13
82,10,7,2,5,8,12,3,11,1,4,6,9,13
80,13,2,6,7,3,8,1,4,5,10,11,12,9
91,6,8,11,4,5,1,12,13,7,3,2,9,10
20,9,12,3,10,13,6,11,5,2,1,4,7,8
84,11,7,8,12,4,10,2,9,6,5,1,13,3
16,2,3,8,4,12,11,9,10,13,5,6,7,1
12,8,9,13,12,11,3,5,4,10,2,7,6,1
42,13,1,9,3,6,7,5,2,10,12,4,8,11
97,9,10,5,6,2,11,4,1,7,8,12,13,3
88,5,12,10,13,7,11,2,1,3,9,6,4,8
16,12,6,10,3,5,8,2,4,1,13,11,7,9
66,12,8,6,13,9,4,2,5,11,3,7,10,1
25,2,4,3,5,9,11,12,13,10,1,7,6,8
95,4,13,12,1,8,7,3,9,6,11,2,10,5
75,8,9,4,10,3,2,5,7,12,1,13,6,11
8,11,10,5,8,4,6,1,12,9,3,2,7,13
27,7,2,11,9,5,6,4,3,1,13,12,10,8
72,12,4,2,11,10,8,6,1,13,3,5,7,9
29,2,6,5,11,10,1,3,12,8,9,13,4,7
31,9,6,10,4,2,11,1,7,13,3,8,5,12
46,7,6,8,5,2,3,11,9,13,1,10,12,4
53,1,12,5,13,3,4,11,7,8,10,6,9,2
16,7,4,6,9,11,10,2,12,1,3,5,13,8
96,2,8,1,10,5,6,9,12,4,3,7,11,13
74,2,3,9,6,4,10,8,7,5,13,11,1,12
35,9,3,13,11,2,6,7,12,10,8,5,4,1
31,5,13,10,8,2,1,3,11,12,9,4,6,7
48,2,12,1,10,3,5,9,4,13,6,8,11,7
100,9,1,6,7,8,12,4,2,10,5,11,13,3
25,13,7,6,2,10,11,9,1,4,8,12,3,5
81,6,7,12,3,8,13,11,1,4,9,10,5,2
88,7,9,10,1,5,6,12,11,8,13,2,3,4
81,4,11,5,8,2,3,13,1,12,7,10,6,9
14,7,1,2,5,9,4,6,3,13,8,11,12,10
89,9,5,6,10,7,12,4,11,13,8,2,3,1
91,4,2,5,7,9,10,6,12,3,11,8,13,1
19,8,5,7,4,2,3,1,10,13,9,6,12,11
53,8,11,4,12,5,7,3,6,2,1,9,13,10
64,12,3,2,7,5,4,11,1,8,13,6,9,10
7,10,8,6,3,4,5,2,1,13,12,11,9,7
69,3,6,7,9,11,13,2,12,10,8,4,5,1
43,1,13,5,6,4,11,7,3,9,8,2,10,12
56,5,8,2,13,10,3,11,12,7,6,4,9,1
100,6,12,3,10,7,13,11,2,8,1,9,4,5
38,8,10,2,6,9,13,12,1,4,3,5,11,7
62,2,13,1,10,4,5,12,3,11,7,6,9,8
1,13,11,3,6,7,2,1,4,10,5,8,12,9
20,2,5,3,8,7,10,1,6,11,13,4,9,12
94,13,12,7,5,6,3,9,1,10,11,4,8,2
2,7,6,4,12,5,8,10,2,9,11,1,13,3